Parcel indices
Type Original Type 
0 0 
1 2 
2 3 
3 4 
4 5 
5 6 
6 7 
7 8 
8 9 
9 10 
10 11 
11 12 
12 13 
13 14 
14 15 
15 16 
16 17 
17 18 
18 19 
19 20 
20 21 
21 22 
22 23 
23 24 
24 25 
25 26 
26 27 
27 28 
28 29 
29 30 
30 31 
31 32 
32 33 
33 34 
34 35 
35 37 
36 38 
37 39 
38 40 
39 41 
40 42 
41 43 
42 44 
43 45 
44 46 
45 48 
46 49 
47 50 
48 51 
49 52 
50 53 
51 54 
52 55 
53 57 
54 58 
55 59 
56 60 
57 61 
58 62 
59 63 
60 64 
61 65 
62 66 
63 67 
64 68 
65 69 
66 70 
67 71 
68 72 
69 73 
70 74 
71 75 
72 76 
73 77 
74 78 
75 79 
76 80 
77 81 
78 82 
79 83 
80 84 
81 85 
82 86 
83 87 
84 88 
85 89 
86 90 
87 91 
88 92 
89 93 
90 94 
91 95 
92 96 
93 97 
94 98 
95 99 
96 100 
97 101 
98 102 
99 103 
100 104 
101 105 
102 106 
103 107 
104 108 
105 109 
106 110 
107 111 
108 112 
109 113 
110 114 
111 115 
112 116 
113 117 
114 118 
115 119 
116 120 
117 121 
118 122 
119 123 
120 124 
121 125 
122 126 
123 127 
124 128 
125 129 
126 130 
127 131 
128 132 
129 133 
130 134 
131 135 
132 136 
133 137 
134 138 
135 139 
136 140 
137 141 
138 142 
139 143 
140 144 
141 145 
142 146 
143 147 
144 148 
145 149 
146 150 
147 151 
148 152 
149 153 
150 154 
151 155 
152 156 
153 157 
154 158 
155 159 
156 160 
157 161 
158 162 
159 163 
160 164 
161 165 
162 166 
163 167 
164 168 
165 169 
166 170 
167 171 
168 172 
169 173 
170 174 
171 175 
172 177 
173 178 
174 179 
175 180 
176 181 
177 182 
178 183 
179 184 
180 185 
181 186 
182 187 
183 188 
184 189 
185 190 
186 191 
187 192 
188 193 
189 194 
190 195 
191 196 
192 197 
193 198 
194 199 
195 200 
196 201 
197 202 
198 203 
199 204 
200 206 
201 208 
202 210 
203 211 
204 213 
205 214 
206 215 
207 218 
208 222 
209 223 
210 224 
211 226 
212 227 
213 228 
214 232 
215 234 
216 235 
217 236 
218 239 
219 241 
220 242 
221 245 
222 248 
223 255 
224 256 
225 257 
226 258 
227 260 
228 262 
229 263 
230 264 
231 269 
232 271 
233 272 
234 274 
235 275 
236 276 
237 278 
238 281 
239 287 
240 288 
241 289 
242 291 
243 292 
244 293 
245 295 
246 296 
247 304 
248 305 
249 306 
250 307 
251 308 
252 309 
253 310 
254 311 
255 312 
256 313 
257 314 
258 315 
259 316 
260 317 
261 318 
262 319 
263 320 
264 321 
265 322 
266 323 
267 324 
268 325 
269 326 
270 327 
271 328 
272 329 
273 330 
274 331 
275 332 
276 333 
277 334 
278 335 
279 336 
280 337 
281 338 
282 339 
283 340 
284 341 
285 342 
286 343 
287 344 
288 345 
289 346 
290 347 
291 348 
292 349 
293 350 
294 352 
295 353 
296 354 
297 355 
298 356 
299 358 
300 359 
301 360 
302 361 
303 362 
304 363 
305 364 
306 366 
307 368 
308 369 
309 370 
310 371 
311 372 
312 373 
313 374 
314 375 
315 376 
316 377 
317 378 
318 379 
319 380 
320 382 
321 383 
322 384 
323 385 
324 386 
325 387 
326 388 
327 389 
328 390 
329 391 
330 392 
331 393 
332 394 
333 395 
334 396 
335 397 
336 399 
337 400 
338 401 
339 402 
340 403 
341 404 
342 405 
343 406 
344 407 
345 408 
346 409 
347 410 
348 412 
349 413 
350 414 
351 415 
352 416 
353 417 
354 418 
355 421 
356 422 
357 423 
358 424 
359 425 
360 426 
361 427 
362 428 
363 429 
364 430 
365 431 
366 432 
367 433 
368 434 
369 435 
370 436 
371 437 
372 438 
373 439 
374 440 
375 441 
376 442 
377 443 
378 444 
379 445 
380 446 
381 447 
382 448 
383 449 
384 450 
385 451 
386 452 
387 453 
388 454 
389 455 
390 456 
391 457 
392 458 
393 459 
394 460 
395 461 
396 462 
397 463 
398 464 
399 465 
400 466 
401 467 
402 468 
403 469 
404 470 
405 471 
406 472 
407 473 
408 474 
409 475 
410 476 
411 477 
412 478 
413 479 
414 480 
415 481 
416 482 
417 483 
418 484 
419 485 
420 486 
421 488 
422 489 
423 490 
424 491 
425 494 
426 495 
427 496 
428 497 
429 498 
430 499 
431 500 
432 501 
433 502 
434 503 
435 504 
436 505 
437 506 
438 507 
439 508 
440 509 
441 510 
442 511 
443 512 
444 513 
445 514 
446 515 
447 516 
448 517 
449 518 
450 519 
451 520 
452 521 
453 523 
454 524 
455 526 
456 527 
457 528 
458 529 
459 530 
460 531 
461 532 
462 533 
463 534 
464 535 
465 536 
466 537 
467 538 
468 539 
469 540 
470 541 
471 542 
472 543 
473 544 
474 545 
475 546 
476 547 
477 548 
478 549 
479 550 
480 552 
481 553 
482 554 
483 555 
484 556 
485 557 
486 558 
487 559 
488 560 
489 561 
490 562 
491 563 
492 564 
493 565 
494 566 
495 567 
496 568 
497 569 
498 571 
499 572 
500 573 
501 574 
502 575 
503 576 
504 577 
505 578 
506 579 
507 580 
508 581 
509 582 
510 583 
511 584 
512 585 
513 586 
514 587 
515 588 
516 589 
517 590 
518 591 
519 592 
520 593 
521 595 
522 596 
523 597 
524 598 
525 599 
526 600 
527 601 
528 602 
529 603 
530 604 
531 605 
532 606 
533 607 
534 608 
535 609 
536 610 
537 611 
538 612 
539 613 
540 614 
541 616 
542 617 
543 618 
544 619 
545 620 
546 622 
547 623 
548 625 
549 632 
550 633 
551 634 
552 635 
553 636 
554 637 
555 638 
556 639 
557 640 
558 641 
559 642 
560 643 
561 644 
562 645 
563 646 
564 647 
565 648 
566 649 
567 650 
568 651 
569 652 
570 653 
571 654 
572 655 
573 656 
574 657 
575 658 
576 662 
577 663 
578 664 
579 665 
580 666 
581 667 
582 668 
583 669 
584 670 
585 672 
586 673 
587 674 
588 675 
589 676 
590 677 
591 679 
592 680 
593 684 
594 685 
595 686 
596 691 
597 692 
598 693 
599 694 
600 697 
601 698 
602 699 
603 701 
604 702 
605 705 
606 707 
607 708 
608 709 
609 710 
610 711 
611 712 
612 713 
613 714 
614 715 
615 716 
616 717 
617 718 
618 719 
619 720 
620 721 
621 722 
622 723 
623 724 
624 725 
625 727 
626 728 
627 729 
628 731 
629 735 
630 736 
631 737 
632 738 
633 739 
634 740 
635 741 
636 742 
637 743 
638 744 
639 745 
640 747 
641 750 
642 751 
643 752 
644 753 
645 754 
646 755 
647 756 
648 757 
649 758 
650 759 
651 760 
652 761 
653 762 
654 763 
655 764 
656 765 
657 766 
658 767 
659 768 
660 769 
661 770 
662 771 
663 772 
664 773 
665 774 
666 775 
667 776 
668 777 
669 778 
670 779 
671 780 
672 781 
673 782 
674 783 
675 784 
676 786 
677 787 
678 790 
679 791 
680 792 
681 793 
682 794 
683 795 
684 796 
685 797 
686 798 
687 800 
688 801 
689 802 
690 804 
691 805 
692 806 
693 807 
694 808 
695 809 
696 810 
697 812 
698 813 
699 814 
700 815 
701 816 
702 817 
703 818 
704 819 
705 820 
706 821 
707 822 
708 823 
709 824 
710 825 
711 826 
712 827 
713 828 
714 829 
715 830 
716 831 
717 832 
718 833 
719 834 
720 835 
721 836 
722 839 
723 840 
724 841 
725 842 
726 843 
727 844 
728 845 
729 846 
730 847 
731 848 
732 849 
733 850 
734 851 
735 852 
736 853 
737 854 
738 855 
739 856 
740 857 
741 858 
742 859 
743 860 
744 861 
745 862 
746 863 
747 864 
748 865 
749 866 
750 867 
751 868 
752 869 
753 870 
754 871 
755 872 
756 873 
757 875 
758 876 
759 877 
760 878 
761 879 
762 880 
763 881 
764 882 
765 883 
766 884 
767 885 
768 886 
769 887 
770 888 
771 890 
772 891 
773 892 
774 893 
775 894 
776 895 
777 905 
778 907 
779 910 
780 911 
781 912 
782 914 
783 916 
784 917 
785 918 
786 919 
787 920 
788 922 
789 923 
790 924 
791 925 
792 926 
793 927 
794 928 
795 929 
796 930 
797 931 
798 932 
799 934 
800 935 
801 936 
802 943 
803 944 
804 945 
805 946 
806 947 
807 948 
808 949 
809 950 
810 951 
811 952 
812 953 
813 954 
814 955 
815 956 
816 958 
817 959 
818 960 
819 961 
820 962 
821 963 
822 964 
823 965 
824 966 
825 968 
826 969 
827 971 
828 972 
829 973 
830 974 
831 975 
832 976 
833 978 
834 979 
835 980 
836 981 
837 982 
838 984 
839 985 
840 986 
841 987 
842 988 
843 989 
844 990 
845 991 
846 992 
847 993 
848 994 
849 996 
850 999 
851 1000 
852 1001 
853 1005 
854 1006 
855 1007 
856 1008 
857 1009 
858 1010 
859 1012 
860 1013 
861 1016 
862 1017 
863 1018 
864 1019 
865 1021 
866 1022 
867 1023 
868 1025 
869 1026 
870 1027 
871 1028 
872 1029 
873 1030 
874 1031 
875 1032 
876 1033 
877 1034 
878 1035 
879 1036 
880 1037 
881 1038 
882 1039 
883 1040 
884 1041 
885 1042 
886 1043 
887 1044 
888 1045 
889 1046 
890 1047 
891 1048 
892 1049 
893 1050 
894 1051 
895 1052 
896 1053 
897 1054 
898 1055 
899 1056 
900 1057 
901 1058 
902 1059 
903 1060 
904 1061 
905 1062 
906 1063 
907 1064 
908 1065 
909 1066 
910 1067 
911 1068 
912 1069 
913 1070 
914 1071 
915 1072 
916 1074 
917 1075 
918 1076 
919 1077 
920 1078 
921 1079 
922 1080 
923 1081 
924 1082 
925 1083 
926 1084 
927 1085 
928 1086 
929 1087 
930 1090 
931 1091 
932 1092 
933 1094 
934 1095 
935 1096 
936 1097 
937 1098 
938 1099 
939 1100 
940 1103 
941 1105 
942 1112 
943 1113 
944 1114 
945 1115 
946 1116 
947 1117 
948 1120 
949 1121 
950 1125 
951 1132 
952 1133 
953 1134 
954 1135 
955 1136 
956 1137 
957 1138 
958 1139 
959 1141 
960 1142 
961 1143 
962 1145 
963 1146 
964 1147 
965 1150 
966 1151 
967 1152 
968 1154 
969 1155 
970 1156 
971 1159 
972 1160 
973 1162 
974 1163 
975 1164 
976 1165 
977 1167 
978 1168 
979 1172 
980 1173 
981 1174 
982 1175 
983 1176 
984 1177 
985 1178 
986 1180 
987 1181 
988 1183 
989 1184 
990 1185 
991 1186 
992 1187 
993 1188 
994 1189 
995 1190 
996 1193 
997 1194 
998 1195 
999 1196 
1000 1197 
1001 1198 
1002 1199 
1003 1201 
1004 1202 
1005 1203 
1006 1204 
1007 1205 
1008 1206 
1009 1207 
1010 1208 
1011 1209 
1012 1210 
1013 1211 
1014 1212 
1015 1213 
1016 1214 
1017 1215 
1018 1216 
1019 1217 
1020 1219 
1021 1221 
1022 1222 
1023 1223 
1024 1224 
1025 1225 
1026 1227 
1027 1228 
1028 1229 
1029 1230 
1030 1231 
1031 1232 
1032 1233 
1033 1234 
1034 1235 
1035 1236 
1036 1237 
1037 1238 
1038 1239 
1039 1240 
1040 1241 
1041 1243 
1042 1244 
1043 1245 
1044 1246 
1045 1247 
1046 1248 
1047 1249 
1048 1250 
1049 1252 
1050 1253 
1051 1254 
1052 1255 
1053 1256 
1054 1257 
1055 1258 
1056 1259 
1057 1262 
1058 1263 
1059 1264 
1060 1265 
1061 1266 
1062 1267 
1063 1268 
1064 1270 
1065 1271 
1066 1272 
1067 1275 
1068 1277 
1069 1279 
1070 1280 
1071 1282 
1072 1283 
1073 1284 
1074 1285 
1075 1286 
1076 1287 
1077 1288 
1078 1289 
1079 1290 
1080 1292 
1081 1293 
1082 1294 
1083 1295 
1084 1296 
1085 1297 
1086 1298 
1087 1299 
1088 1300 
1089 1301 
1090 1302 
1091 1303 
1092 1304 
1093 1305 
1094 1306 
1095 1307 
1096 1308 
1097 1309 
1098 1310 
1099 1311 
1100 1312 
1101 1313 
1102 1314 
1103 1315 
1104 1316 
1105 1317 
1106 1318 
1107 1319 
1108 1320 
1109 1321 
1110 1322 
1111 1323 
1112 1324 
1113 1325 
1114 1326 
1115 1328 
1116 1331 
1117 1334 
1118 1335 
1119 1336 
1120 1337 
1121 1338 
1122 1339 
1123 1340 
1124 1341 
1125 1342 
1126 1343 
1127 1344 
1128 1345 
1129 1346 
1130 1347 
1131 1348 
1132 1350 
1133 1351 
1134 1353 
1135 1354 
1136 1355 
1137 1357 
1138 1358 
1139 1359 
1140 1360 
1141 1361 
1142 1363 
1143 1364 
1144 1365 
1145 1366 
1146 1367 
1147 1368 
1148 1371 
1149 1372 
1150 1373 
1151 1374 
1152 1375 
1153 1376 
1154 1377 
1155 1378 
1156 1379 
1157 1380 
1158 1381 
1159 1382 
1160 1383 
1161 1384 
1162 1385 
1163 1387 
1164 1388 
1165 1389 
1166 1390 
1167 1391 
1168 1392 
1169 1394 
1170 1396 
1171 1397 
1172 1398 
1173 1399 
1174 1401 
1175 1402 
1176 1403 
1177 1404 
1178 1405 
1179 1406 
1180 1407 
1181 1408 
1182 1409 
1183 1410 
1184 1411 
1185 1412 
1186 1414 
1187 1415 
1188 1416 
1189 1417 
1190 1418 
1191 1419 
1192 1420 
1193 1421 
1194 1422 
1195 1423 
1196 1424 
1197 1425 
1198 1426 
1199 1427 
1200 1428 
1201 1430 
1202 1432 
1203 1433 
1204 1434 
1205 1435 
1206 1436 
1207 1437 
1208 1439 
1209 1440 
1210 1441 
1211 1442 
1212 1443 
1213 1444 
1214 1445 
1215 1447 
1216 1448 
1217 1450 
1218 1451 
1219 1452 
1220 1453 
1221 1455 
1222 1458 
1223 1459 
1224 1460 
1225 1461 
1226 1462 
1227 1464 
1228 1465 
1229 1466 
1230 1467 
1231 1468 
1232 1469 
1233 1470 
1234 1471 
1235 1472 
1236 1473 
1237 1474 
1238 1475 
1239 1476 
1240 1477 
1241 1482 
1242 1488 
1243 1489 
1244 1490 
1245 1491 
1246 1492 
1247 1493 
1248 1497 
1249 1498 
1250 1499 
1251 1500 
1252 1501 
1253 1502 
1254 1503 
1255 1504 
1256 1505 
1257 1506 
1258 1507 
1259 1508 
1260 1509 
1261 1510 
1262 1511 
1263 1512 
1264 1513 
1265 1515 
1266 1516 
1267 1518 
1268 1526 
1269 1530 
1270 1531 
1271 1532 
1272 1533 
1273 1534 
1274 1535 
1275 1536 
1276 1537 
1277 1538 
1278 1539 
1279 1540 
1280 1541 
1281 1542 
1282 1543 
1283 1544 
1284 1545 
1285 1546 
1286 1547 
1287 1548 
1288 1549 
1289 1550 
1290 1552 
1291 1553 
1292 1554 
1293 1555 
1294 1557 
1295 1559 
1296 1560 
1297 1561 
1298 1563 
1299 1564 
1300 1566 
1301 1570 
1302 1571 
1303 1572 
1304 1574 
1305 1575 
1306 1576 
1307 1578 
1308 1579 
1309 1580 
1310 1581 
1311 1582 
1312 1583 
1313 1584 
1314 1585 
1315 1586 
1316 1587 
1317 1588 
1318 1589 
1319 1590 
1320 1591 
1321 1592 
1322 1593 
1323 1594 
1324 1595 
1325 1596 
1326 1597 
1327 1598 
1328 1599 
1329 1600 
1330 1601 
1331 1602 
1332 1603 
1333 1604 
1334 1606 
1335 1607 
1336 1608 
1337 1609 
1338 1610 
1339 1612 
1340 1614 
1341 1615 
1342 1618 
1343 1619 
1344 1620 
1345 1621 
1346 1622 
1347 1623 
1348 1624 
1349 1625 
1350 1626 
1351 1627 
1352 1628 
1353 1629 
1354 1630 
1355 1631 
1356 1632 
1357 1633 
1358 1634 
1359 1636 
1360 1637 
1361 1638 
1362 1639 
1363 1640 
1364 1641 
1365 1642 
1366 1643 
1367 1644 
1368 1645 
1369 1646 
1370 1647 
1371 1648 
1372 1649 
1373 1650 
1374 1656 
1375 1657 
1376 1658 
1377 1659 
1378 1660 
1379 1662 
1380 1663 
1381 1664 
1382 1665 
1383 1666 
1384 1667 
1385 1668 
1386 1669 
1387 1670 
1388 1671 
1389 1672 
1390 1673 
1391 1674 
1392 1675 
1393 1676 
1394 1677 
1395 1678 
1396 1679 
1397 1680 
1398 1682 
1399 1683 
1400 1684 
1401 1685 
1402 1686 
1403 1687 
1404 1688 
1405 1689 
1406 1690 
1407 1691 
1408 1692 
1409 1693 
1410 1694 
1411 1695 
1412 1696 
1413 1697 
1414 1698 
1415 1699 
1416 1700 
1417 1701 
1418 1702 
1419 1703 
1420 1704 
1421 1705 
1422 1706 
1423 1707 
1424 1708 
1425 1709 
1426 1710 
1427 1711 
1428 1712 
1429 1713 
1430 1714 
1431 1715 
1432 1716 
1433 1717 
1434 1718 
1435 1719 
1436 1720 
1437 1721 
1438 1722 
1439 1723 
1440 1724 
1441 1725 
1442 1726 
1443 1727 
1444 1728 
1445 1729 
1446 1730 
1447 1731 
1448 1733 
1449 1737 
1450 1739 
1451 1740 
1452 1741 
1453 1742 
1454 1743 
1455 1744 
1456 1745 
1457 1746 
1458 1747 
1459 1748 
1460 1749 
1461 1752 
1462 1755 
1463 1756 
1464 1757 
1465 1758 
1466 1762 
1467 1763 
1468 1764 
1469 1766 
1470 1768 
1471 1769 
1472 1770 
1473 1772 
1474 1773 
1475 1774 
1476 1775 
1477 1777 
1478 1780 
1479 1782 
1480 1783 
1481 1784 
1482 1785 
1483 1786 
1484 1787 
1485 1788 
1486 1789 
1487 1790 
1488 1791 
1489 1792 
1490 1793 
1491 1794 
1492 1795 
1493 1796 
1494 1797 
1495 1798 
1496 1799 
1497 1800 
1498 1801 
1499 1802 
1500 1803 
1501 1804 
1502 1805 
1503 1807 
1504 1808 
1505 1809 
1506 1811 
1507 1813 
1508 1814 
1509 1816 
1510 1817 
1511 1818 
1512 1819 
1513 1820 
1514 1821 
1515 1822 
1516 1825 
1517 1826 
1518 1827 
1519 1828 
1520 1829 
1521 1830 
1522 1831 
1523 1832 
1524 1833 
1525 1834 
1526 1835 
1527 1837 
1528 1838 
1529 1839 
1530 1840 
1531 1841 
1532 1842 
1533 1843 
1534 1844 
1535 1845 
1536 1846 
1537 1847 
1538 1848 
1539 1849 
1540 1850 
1541 1851 
1542 1852 
1543 1853 
1544 1854 
1545 1855 
1546 1856 
1547 1857 
1548 1858 
1549 1859 
1550 1860 
1551 1861 
1552 1862 
1553 1863 
1554 1864 
1555 1865 
1556 1866 
1557 1867 
1558 1868 
1559 1869 
1560 1871 
1561 1872 
1562 1873 
1563 1874 
1564 1875 
1565 1876 
1566 1877 
1567 1878 
1568 1879 
1569 1880 
1570 1881 
1571 1882 
1572 1883 
1573 1884 
1574 1885 
1575 1886 
1576 1887 
1577 1888 
1578 1889 
1579 1890 
1580 1891 
1581 1892 
1582 1893 
1583 1894 
1584 1895 
1585 1896 
1586 1897 
1587 1898 
1588 1899 
1589 1900 
1590 1901 
1591 1902 
1592 1903 
1593 1904 
1594 1905 
1595 1906 
1596 1907 
1597 1908 
1598 1909 
1599 1910 
1600 1911 
1601 1912 
1602 1913 
1603 1914 
1604 1915 
1605 1916 
1606 1917 
1607 1918 
1608 1919 
1609 1920 
1610 1921 
1611 1922 
1612 1923 
1613 1924 
1614 1925 
1615 1926 
1616 1927 
1617 1928 
1618 1929 
1619 1930 
1620 1931 
1621 1932 
1622 1933 
1623 1934 
1624 1935 
1625 1937 
1626 1938 
1627 1939 
1628 1940 
1629 1941 
1630 1942 
1631 1943 
1632 1944 
1633 1945 
1634 1946 
1635 1948 
1636 1949 
1637 1950 
1638 1951 
1639 1952 
1640 1953 
1641 1954 
1642 1955 
1643 1956 
1644 1957 
1645 1958 
1646 1959 
1647 1960 
1648 1961 
1649 1962 
1650 1963 
1651 1964 
1652 1965 
1653 1966 
1654 1967 
1655 1968 
1656 1969 
1657 1970 
1658 1971 
1659 1972 
1660 1973 
1661 1974 
1662 1975 
1663 1976 
1664 1977 
1665 1978 
1666 1979 
1667 1981 
1668 1982 
1669 1983 
1670 1984 
1671 1985 
1672 1986 
1673 1987 
1674 1988 
1675 1989 
1676 1990 
1677 1991 
1678 1992 
1679 1993 
1680 1994 
1681 1995 
1682 1996 
1683 1997 
1684 1998 
1685 1999 
1686 2000 
1687 2001 
1688 2002 
1689 2003 
1690 2004 
1691 2005 
1692 2006 
1693 2007 
1694 2008 
1695 2009 
1696 2010 
1697 2011 
1698 2012 
1699 2013 
1700 2014 
1701 2015 
1702 2016 
1703 2017 
1704 2018 
1705 2019 
1706 2020 
1707 2021 
1708 2022 
1709 2023 
1710 2024 
1711 2025 
1712 2026 
1713 2027 
1714 2028 
1715 2029 
1716 2030 
1717 2032 
1718 2034 
1719 2035 
1720 2036 
1721 2037 
1722 2038 
1723 2039 
1724 2040 
1725 2044 
1726 2045 
1727 2046 
1728 2047 
1729 2048 
1730 2049 
1731 2050 
1732 2051 
1733 2052 
1734 2063 
1735 2064 
1736 2065 
1737 2066 
1738 2067 
1739 2068 
1740 2069 
1741 2070 
1742 2071 
1743 2072 
1744 2073 
1745 2074 
1746 2075 
1747 2076 
1748 2077 
1749 2078 
1750 2079 
1751 2080 
1752 2081 
1753 2082 
1754 2083 
1755 2084 
1756 2085 
1757 2086 
1758 2087 
1759 2088 
1760 2089 
1761 2090 
1762 2091 
1763 2092 
1764 2093 
1765 2094 
1766 2095 
1767 2096 
1768 2097 
1769 2098 
1770 2099 
1771 2101 
1772 2102 
1773 2103 
1774 2105 
1775 2106 
1776 2107 
1777 2108 
1778 2109 
1779 2110 
1780 2111 
1781 2112 
1782 2113 
1783 2114 
1784 2115 
1785 2116 
1786 2117 
1787 2118 
1788 2119 
1789 2120 
1790 2121 
1791 2122 
1792 2123 
1793 2124 
1794 2125 
1795 2126 
1796 2127 
1797 2128 
1798 2129 
1799 2130 
1800 2131 
1801 2133 
1802 2134 
1803 2135 
1804 2136 
1805 2137 
1806 2138 
1807 2139 
1808 2140 
1809 2141 
1810 2142 
1811 2143 
1812 2144 
1813 2145 
1814 2146 
1815 2147 
1816 2148 
1817 2149 
1818 2150 
1819 2151 
1820 2153 
1821 2154 
1822 2155 
1823 2156 
1824 2157 
1825 2158 
1826 2159 
1827 2160 
1828 2161 
1829 2162 
1830 2163 
1831 2164 
1832 2165 
1833 2166 
1834 2167 
1835 2168 
1836 2169 
1837 2170 
1838 2171 
1839 2172 
1840 2173 
1841 2174 
1842 2175 
1843 2176 
1844 2177 
1845 2178 
1846 2179 
1847 2180 
1848 2181 
1849 2182 
1850 2183 
1851 2184 
1852 2185 
1853 2186 
1854 2187 
1855 2188 
1856 2189 
1857 2191 
1858 2192 
1859 2193 
1860 2194 
1861 2195 
1862 2196 
1863 2197 
1864 2198 
1865 2199 
1866 2200 
1867 2201 
1868 2202 
1869 2203 
1870 2205 
1871 2206 
1872 2207 
1873 2208 
1874 2209 
1875 2210 
1876 2211 
1877 2213 
1878 2214 
1879 2215 
1880 2216 
1881 2217 
1882 2218 
1883 2219 
1884 2220 
1885 2221 
1886 2222 
1887 2223 
1888 2224 
1889 2225 
1890 2226 
1891 2227 
1892 2228 
1893 2229 
1894 2230 
1895 2231 
1896 2232 
1897 2234 
1898 2235 
1899 2237 
1900 2238 
1901 2239 
1902 2240 
1903 2241 
1904 2242 
1905 2243 
1906 2244 
1907 2245 
1908 2249 
1909 2255 
1910 2256 
1911 2257 
1912 2262 
1913 2265 
1914 2266 
1915 2267 
1916 2271 
1917 2273 
1918 2274 
1919 2275 
1920 2277 
1921 2278 
1922 2279 
1923 2280 
1924 2281 
1925 2282 
1926 2283 
1927 2285 
1928 2292 
1929 2293 
1930 2294 
1931 2295 
1932 2296 
1933 2297 
1934 2298 
1935 2299 
1936 2300 
1937 2301 
1938 2302 
1939 2305 
1940 2306 
1941 2307 
1942 2308 
1943 2309 
1944 2310 
1945 2311 
1946 2312 
1947 2313 
1948 2314 
1949 2315 
1950 2316 
1951 2317 
1952 2318 
1953 2319 
1954 2320 
1955 2321 
1956 2322 
1957 2323 
1958 2326 
1959 2327 
1960 2328 
1961 2329 
1962 2330 
1963 2331 
1964 2333 
1965 2334 
1966 2335 
1967 2338 
1968 2339 
1969 2340 
1970 2341 
1971 2342 
1972 2343 
1973 2344 
1974 2345 
1975 2347 
1976 2348 
1977 2349 
1978 2350 
1979 2351 
1980 2352 
1981 2354 
1982 2355 
1983 2356 
1984 2361 
1985 2363 
1986 2366 
1987 2367 
1988 2368 
1989 2369 
1990 2370 
1991 2371 
1992 2372 
1993 2373 
1994 2374 
1995 2375 
1996 2376 
1997 2377 
1998 2378 
1999 2379 
2000 2380 
2001 2381 
2002 2382 
2003 2383 
2004 2384 
2005 2385 
2006 2386 
2007 2387 
2008 2388 
2009 2389 
2010 2390 
2011 2391 
2012 2393 
2013 2394 
2014 2395 
2015 2396 
2016 2397 
2017 2399 
2018 2400 
2019 2401 
2020 2403 
2021 2404 
2022 2405 
2023 2406 
2024 2407 
2025 2408 
2026 2409 
2027 2410 
2028 2411 
2029 2412 
2030 2413 
2031 2414 
2032 2415 
2033 2416 
2034 2417 
2035 2418 
2036 2419 
2037 2420 
2038 2422 
2039 2423 
2040 2424 
2041 2425 
2042 2427 
2043 2429 
2044 2430 
2045 2431 
2046 2432 
2047 2433 
2048 2434 
2049 2435 
2050 2436 
2051 2437 
2052 2438 
2053 2439 
2054 2440 
2055 2441 
2056 2442 
2057 2443 
2058 2444 
2059 2445 
2060 2446 
2061 2447 
2062 2448 
2063 2449 
2064 2450 
2065 2451 
2066 2452 
2067 2453 
2068 2454 
2069 2455 
2070 2456 
2071 2457 
2072 2458 
2073 2459 
2074 2460 
2075 2462 
2076 2463 
2077 2465 
2078 2467 
2079 2468 
2080 2469 
2081 2470 
2082 2471 
2083 2472 
2084 2473 
2085 2474 
2086 2475 
2087 2476 
2088 2477 
2089 2478 
2090 2479 
2091 2480 
2092 2482 
2093 2484 
2094 2485 
2095 2486 
2096 2487 
2097 2488 
2098 2489 
2099 2490 
2100 2491 
2101 2492 
2102 2493 
2103 2494 
2104 2495 
2105 2496 
2106 2497 
2107 2498 
2108 2499 
2109 2500 
2110 2501 
2111 2502 
2112 2503 
2113 2504 
2114 2505 
2115 2506 
2116 2507 
2117 2508 
2118 2509 
2119 2510 
2120 2511 
2121 2512 
2122 2513 
2123 2514 
2124 2515 
2125 2516 
2126 2517 
2127 2518 
2128 2520 
2129 2521 
2130 2522 
2131 2523 
2132 2524 
2133 2525 
2134 2526 
2135 2527 
2136 2528 
2137 2529 
2138 2530 
2139 2531 
2140 2532 
2141 2533 
2142 2534 
2143 2535 
2144 2536 
2145 2537 
2146 2538 
2147 2539 
2148 2540 
2149 2541 
2150 2542 
2151 2543 
2152 2544 
2153 2545 
2154 2546 
2155 2547 
2156 2548 
2157 2549 
2158 2550 
2159 2552 
2160 2553 
2161 2554 
2162 2556 
2163 2557 
2164 2558 
2165 2559 
2166 2560 
2167 2561 
2168 2564 
2169 2565 
2170 2566 
2171 2567 
2172 2568 
2173 2569 
2174 2570 
2175 2571 
2176 2572 
2177 2573 
2178 2574 
2179 2575 
2180 2576 
2181 2577 
2182 2578 
2183 2579 
2184 2580 
2185 2581 
2186 2582 
2187 2583 
2188 2584 
2189 2585 
2190 2586 
2191 2587 
2192 2588 
2193 2589 
2194 2590 
2195 2591 
2196 2592 
2197 2593 
2198 2594 
2199 2595 
2200 2596 
2201 2597 
2202 2598 
2203 2599 
2204 2600 
2205 2601 
2206 2602 
2207 2603 
2208 2604 
2209 2607 
2210 2608 
2211 2609 
2212 2610 
2213 2611 
2214 2614 
2215 2615 
2216 2616 
2217 2617 
2218 2618 
2219 2619 
2220 2620 
2221 2621 
2222 2622 
2223 2623 
2224 2624 
2225 2625 
2226 2626 
2227 2627 
2228 2628 
2229 2629 
2230 2630 
2231 2631 
2232 2632 
2233 2633 
2234 2634 
2235 2635 
2236 2636 
2237 2637 
2238 2638 
2239 2639 
2240 2641 
2241 2642 
2242 2643 
2243 2644 
2244 2645 
2245 2646 
2246 2647 
2247 2648 
2248 2649 
2249 2651 
2250 2652 
2251 2653 
2252 2654 
2253 2655 
2254 2656 
2255 2657 
2256 2658 
2257 2659 
2258 2660 
2259 2661 
2260 2662 
2261 2663 
2262 2664 
2263 2665 
2264 2666 
2265 2667 
2266 2668 
2267 2669 
2268 2670 
2269 2671 
2270 2672 
2271 2673 
2272 2674 
2273 2675 
2274 2676 
2275 2677 
2276 2678 
2277 2679 
2278 2680 
2279 2681 
2280 2682 
2281 2683 
2282 2684 
2283 2685 
2284 2686 
2285 2687 
2286 2688 
2287 2689 
2288 2690 
2289 2691 
2290 2692 
2291 2693 
2292 2694 
2293 2695 
2294 2696 
2295 2697 
2296 2698 
2297 2699 
2298 2700 
2299 2701 
2300 2702 
2301 2703 
2302 2705 
2303 2706 
2304 2707 
2305 2708 
2306 2709 
2307 2710 
2308 2711 
2309 2712 
2310 2713 
2311 2714 
2312 2715 
2313 2716 
2314 2717 
2315 2718 
2316 2719 
2317 2720 
2318 2721 
2319 2722 
2320 2723 
2321 2724 
2322 2725 
2323 2726 
2324 2727 
2325 2728 
2326 2729 
2327 2730 
2328 2731 
2329 2732 
2330 2733 
2331 2734 
2332 2735 
2333 2736 
2334 2737 
2335 2738 
2336 2739 
2337 2740 
2338 2741 
2339 2742 
2340 2743 
2341 2744 
2342 2745 
2343 2746 
2344 2747 
2345 2748 
2346 2749 
2347 2750 
2348 2751 
2349 2752 
2350 2753 
2351 2754 
2352 2755 
2353 2756 
2354 2757 
2355 2758 
2356 2759 
2357 2760 
2358 2761 
2359 2762 
2360 2763 
2361 2764 
2362 2765 
2363 2766 
2364 2767 
2365 2768 
2366 2769 
2367 2770 
2368 2771 
2369 2772 
2370 2773 
2371 2774 
2372 2775 
2373 2776 
2374 2777 
2375 2778 
2376 2779 
2377 2780 
2378 2781 
2379 2782 
2380 2783 
2381 2784 
2382 2785 
2383 2786 
2384 2787 
2385 2788 
2386 2789 
2387 2790 
2388 2791 
2389 2792 
2390 2793 
2391 2794 
2392 2795 
2393 2796 
2394 2797 
2395 2798 
2396 2799 
2397 2800 
2398 2801 
2399 2802 
2400 2803 
2401 2804 
2402 2805 
2403 2806 
2404 2807 
2405 2808 
2406 2809 
2407 2810 
2408 2811 
2409 2812 
2410 2813 
2411 2814 
2412 2816 
2413 2817 
2414 2818 
2415 2819 
2416 2821 
2417 2822 
2418 2823 
2419 2824 
2420 2825 
2421 2826 
2422 2827 
2423 2828 
2424 2829 
2425 2830 
2426 2831 
2427 2832 
2428 2834 
2429 2835 
2430 2836 
2431 2837 
2432 2838 
2433 2839 
2434 2840 
2435 2841 
2436 2842 
2437 2843 
2438 2844 
2439 2845 
2440 2846 
2441 2847 
2442 2848 
2443 2849 
2444 2850 
2445 2851 
2446 2852 
2447 2853 
2448 2854 
2449 2855 
2450 2856 
2451 2857 
2452 2858 
2453 2859 
2454 2860 
2455 2861 
2456 2863 
2457 2864 
2458 2865 
2459 2866 
2460 2867 
2461 2868 
2462 2869 
2463 2870 
2464 2871 
2465 2872 
2466 2873 
2467 2874 
2468 2876 
2469 2877 
2470 2878 
2471 2879 
2472 2880 
2473 2881 
2474 2882 
2475 2883 
2476 2884 
2477 2885 
2478 2886 
2479 2887 
2480 2888 
2481 2889 
2482 2890 
2483 2891 
2484 2892 
2485 2893 
2486 2894 
2487 2895 
2488 2896 
2489 2897 
2490 2898 
2491 2899 
2492 2900 
2493 2901 
2494 2902 
2495 2903 
2496 2904 
2497 2905 
2498 2906 
2499 2907 
2500 2908 
2501 2909 
2502 2910 
2503 2911 
2504 2912 
2505 2913 
2506 2914 
2507 2915 
2508 2916 
2509 2917 
2510 2918 
2511 2919 
2512 2920 
2513 2921 
2514 2922 
2515 2923 
2516 2924 
2517 2925 
2518 2926 
2519 2927 
2520 2928 
2521 2929 
2522 2930 
2523 2931 
2524 2932 
2525 2933 
2526 2934 
2527 2935 
2528 2936 
2529 2937 
2530 2938 
2531 2939 
2532 2940 
2533 2941 
2534 2942 
2535 2943 
2536 2944 
2537 2945 
2538 2946 
2539 2947 
2540 2948 
2541 2949 
2542 2950 
2543 2951 
2544 2952 
2545 2953 
2546 2954 
2547 2955 
2548 2956 
2549 2957 
2550 2958 
2551 2959 
2552 2960 
2553 2961 
2554 2962 
2555 2963 
2556 2964 
2557 2965 
2558 2966 
2559 2967 
2560 2968 
2561 2969 
2562 2970 
2563 2971 
2564 2972 
2565 2973 
2566 2974 
2567 2975 
2568 2977 
2569 2978 
2570 2979 
2571 2980 
2572 2981 
2573 2982 
2574 2983 
2575 2984 
2576 2986 
2577 2987 
2578 2988 
2579 2989 
2580 2990 
2581 2991 
2582 2992 
2583 2993 
2584 2994 
2585 2995 
2586 2996 
2587 2997 
2588 2998 
2589 2999 
2590 3000 
2591 3001 
2592 3002 
2593 3003 
2594 3004 
2595 3005 
2596 3006 
2597 3007 
2598 3008 
2599 3009 
2600 3010 
2601 3011 
2602 3012 
2603 3013 
2604 3015 
2605 3016 
2606 3017 
2607 3018 
2608 3019 
2609 3020 
2610 3021 
2611 3022 
2612 3023 
2613 3024 
2614 3025 
2615 3026 
2616 3027 
2617 3028 
2618 3029 
2619 3030 
2620 3031 
2621 3032 
2622 3033 
2623 3034 
2624 3035 
2625 3036 
2626 3037 
2627 3038 
2628 3039 
2629 3040 
2630 3041 
2631 3042 
2632 3043 
2633 3044 
2634 3045 
2635 3046 
2636 3047 
2637 3048 
2638 3049 
2639 3050 
2640 3051 
2641 3052 
2642 3053 
2643 3054 
2644 3055 
2645 3056 
2646 3057 
2647 3058 
2648 3059 
2649 3060 
2650 3061 
2651 3062 
2652 3063 
2653 3064 
2654 3065 
2655 3066 
2656 3067 
2657 3068 
2658 3069 
2659 3070 
2660 3071 
2661 3072 
2662 3073 
2663 3074 
2664 3075 
2665 3076 
2666 3077 
2667 3078 
2668 3079 
2669 3080 
2670 3081 
2671 3082 
2672 3083 
2673 3084 
2674 3085 
2675 3086 
2676 3087 
2677 3088 
2678 3089 
2679 3090 
2680 3091 
2681 3092 
2682 3093 
2683 3094 
2684 3095 
2685 3096 
2686 3097 
2687 3098 
2688 3099 
2689 3100 
2690 3101 
2691 3102 
2692 3103 
2693 3104 
2694 3105 
2695 3106 
2696 3107 
2697 3108 
2698 3109 
2699 3110 
2700 3111 
2701 3112 
2702 3113 
2703 3114 
2704 3115 
2705 3116 
2706 3117 
2707 3118 
2708 3119 
2709 3120 
2710 3121 
2711 3122 
2712 3123 
2713 3124 
2714 3125 
2715 3126 
2716 3127 
2717 3128 
2718 3129 
2719 3130 
2720 3131 
2721 3132 
2722 3133 
2723 3134 
2724 3135 
2725 3136 
2726 3137 
2727 3138 
2728 3139 
2729 3140 
2730 3141 
2731 3142 
2732 3143 
2733 3144 
2734 3145 
2735 3146 
2736 3147 
2737 3148 
2738 3149 
2739 3150 
2740 3151 
2741 3152 
2742 3153 
2743 3154 
2744 3155 
2745 3156 
2746 3157 
2747 3158 
2748 3160 
2749 3161 
2750 3162 
2751 3163 
2752 3164 
2753 3165 
2754 3166 
2755 3167 
2756 3168 
2757 3169 
2758 3170 
2759 3171 
2760 3172 
2761 3173 
2762 3174 
2763 3175 
2764 3176 
2765 3177 
2766 3178 
2767 3179 
2768 3180 
2769 3181 
2770 3182 
2771 3183 
2772 3184 
2773 3185 
2774 3186 
2775 3187 
2776 3188 
2777 3189 
2778 3190 
2779 3191 
2780 3192 
2781 3193 
2782 3194 
2783 3195 
2784 3196 
2785 3197 
2786 3198 
2787 3199 
2788 3200 
2789 3201 
2790 3202 
2791 3203 
2792 3204 
2793 3205 
2794 3206 
2795 3207 
2796 3208 
2797 3209 
2798 3210 
2799 3211 
2800 3212 
2801 3213 
2802 3214 
2803 3215 
2804 3216 
2805 3217 
2806 3218 
2807 3219 
2808 3220 
2809 3221 
2810 3222 
2811 3223 
2812 3224 
2813 3225 
2814 3226 
2815 3227 
2816 3228 
2817 3229 
2818 3230 
2819 3231 
2820 3232 
2821 3233 
2822 3234 
2823 3235 
2824 3236 
2825 3237 
2826 3238 
2827 3239 
2828 3240 
2829 3241 
2830 3242 
2831 3243 
2832 3244 
2833 3245 
2834 3246 
2835 3247 
2836 3248 
2837 3249 
2838 3250 
2839 3251 
2840 3252 
2841 3253 
2842 3254 
2843 3255 
2844 3256 
2845 3257 
2846 3258 
2847 3259 
2848 3260 
2849 3261 
2850 3262 
2851 3263 
2852 3264 
2853 3265 
2854 3266 
2855 3267 
2856 3268 
2857 3269 
2858 3270 
2859 3271 
2860 3272 
2861 3273 
2862 3274 
2863 3275 
2864 3276 
2865 3277 
2866 3278 
2867 3279 
2868 3280 
2869 3281 
2870 3282 
2871 3283 
2872 3284 
2873 3285 
2874 3286 
2875 3287 
2876 3288 
2877 3289 
2878 3290 
2879 3291 
2880 3292 
2881 3293 
2882 3294 
2883 3295 
2884 3296 
2885 3297 
2886 3298 
2887 3299 
2888 3300 
2889 3301 
2890 3302 
2891 3303 
2892 3304 
2893 3305 
2894 3307 
2895 3308 
2896 3309 
2897 3310 
2898 3311 
2899 3312 
2900 3313 
2901 3314 
2902 3315 
2903 3316 
2904 3317 
2905 3318 
2906 3319 
2907 3320 
2908 3321 
2909 3322 
2910 3323 
2911 3324 
2912 3325 
2913 3326 
2914 3327 
2915 3328 
2916 3329 
2917 3330 
2918 3331 
2919 3332 
2920 3333 
2921 3334 
2922 3335 
2923 3336 
2924 3337 
2925 3338 
2926 3339 
2927 3340 
2928 3341 
2929 3342 
2930 3343 
2931 3344 
2932 3345 
2933 3346 
2934 3347 
2935 3348 
2936 3349 
2937 3350 
2938 3351 
2939 3352 
2940 3353 
2941 3354 
2942 3355 
2943 3356 
2944 3357 
2945 3358 
2946 3359 
2947 3360 
2948 3361 
2949 3362 
2950 3363 
2951 3364 
2952 3365 
2953 3366 
2954 3368 
2955 3369 
2956 3370 
2957 3371 
2958 3372 
2959 3373 
2960 3374 
2961 3375 
2962 3376 
2963 3377 
2964 3378 
2965 3379 
2966 3380 
2967 3381 
2968 3382 
2969 3383 
2970 3384 
2971 3385 
2972 3386 
2973 3387 
2974 3388 
2975 3390 
2976 3391 
2977 3392 
2978 3393 
2979 3394 
2980 3395 
2981 3396 
2982 3398 
2983 3399 
2984 3400 
2985 3401 
2986 3402 
2987 3403 
2988 3404 
2989 3405 
2990 3406 
2991 3407 
2992 3408 
2993 3409 
2994 3410 
2995 3411 
2996 3412 
2997 3413 
2998 3414 
2999 3415 
3000 3416 
3001 3417 
3002 3418 
3003 3419 
3004 3420 
3005 3421 
3006 3422 
3007 3423 
3008 3424 
3009 3425 
3010 3426 
3011 3427 
3012 3428 
3013 3429 
3014 3430 
3015 3431 
3016 3432 
3017 3433 
3018 3434 
3019 3436 
3020 3437 
3021 3438 
3022 3439 
3023 3440 
3024 3441 
3025 3442 
3026 3443 
3027 3444 
3028 3445 
3029 3446 
3030 3447 
3031 3448 
3032 3449 
3033 3450 
3034 3451 
3035 3452 
3036 3453 
3037 3454 
3038 3455 
3039 3456 
3040 3457 
3041 3458 
3042 3459 
3043 3460 
3044 3461 
3045 3462 
3046 3463 
3047 3464 
3048 3465 
3049 3466 
3050 3467 
3051 3468 
3052 3469 
3053 3470 
3054 3471 
3055 3472 
3056 3473 
3057 3474 
3058 3475 
3059 3476 
3060 3477 
3061 3478 
3062 3479 
3063 3480 
3064 3481 
3065 3482 
3066 3483 
3067 3484 
3068 3485 
3069 3486 
3070 3487 
3071 3488 
3072 3489 
3073 3490 
3074 3491 
3075 3492 
3076 3493 
3077 3494 
3078 3495 
3079 3496 
3080 3497 
3081 3498 
3082 3499 
3083 3500 
3084 3501 
3085 3502 
3086 3503 
3087 3504 
3088 3505 
3089 3506 
3090 3507 
3091 3508 
3092 3509 
3093 3510 
3094 3511 
3095 3512 
3096 3513 
3097 3514 
3098 3515 
3099 3516 
3100 3517 
3101 3518 
3102 3519 
3103 3520 
3104 3521 
3105 3522 
3106 3523 
3107 3524 
3108 3525 
3109 3526 
3110 3527 
3111 3528 
3112 3529 
3113 3530 
3114 3531 
3115 3532 
3116 3533 
3117 3534 
3118 3535 
3119 3536 
3120 3537 
3121 3538 
3122 3539 
3123 3540 
3124 3541 
3125 3544 
3126 3545 
3127 3546 
3128 3547 
3129 3548 
3130 3549 
3131 3550 
3132 3551 
3133 3552 
3134 3553 
3135 3554 
3136 3555 
3137 3556 
3138 3557 
3139 3558 
3140 3559 
3141 3560 
3142 3561 
3143 3562 
3144 3563 
3145 3564 
3146 3565 
3147 3566 
3148 3567 
3149 3568 
3150 3569 
3151 3570 
3152 3571 
3153 3572 
3154 3573 
3155 3574 
3156 3575 
3157 3576 
3158 3577 
3159 3578 
3160 3579 
3161 3580 
3162 3581 
3163 3582 
3164 3583 
3165 3584 
3166 3585 
3167 3586 
3168 3587 
3169 3588 
3170 3589 
3171 3590 
3172 3591 
3173 3592 
3174 3593 
3175 3594 
3176 3595 
3177 3596 
3178 3597 
3179 3598 
3180 3599 
3181 3600 
3182 3601 
3183 3602 
3184 3603 
3185 3604 
3186 3605 
3187 3606 
3188 3607 
3189 3608 
3190 3609 
3191 3610 
3192 3611 
3193 3612 
3194 3613 
3195 3614 
3196 3615 
3197 3616 
3198 3617 
3199 3618 
3200 3619 
3201 3620 
3202 3621 
3203 3623 
3204 3625 
3205 3626 
3206 3627 
3207 3628 
3208 3629 
3209 3630 
3210 3631 
3211 3632 
3212 3633 
3213 3634 
3214 3635 
3215 3636 
3216 3638 
3217 3639 
3218 3640 
3219 3641 
3220 3642 
3221 3643 
3222 3644 
3223 3645 
3224 3646 
3225 3647 
3226 3648 
3227 3649 
3228 3650 
3229 3651 
3230 3652 
3231 3653 
3232 3654 
3233 3655 
3234 3656 
3235 3657 
3236 3658 
3237 3659 
3238 3660 
3239 3661 
3240 3662 
3241 3663 
3242 3664 
3243 3665 
3244 3667 
3245 3668 
3246 3669 
3247 3671 
3248 3672 
3249 3673 
3250 3674 
3251 3675 
3252 3676 
3253 3677 
3254 3678 
3255 3679 
3256 3680 
3257 3681 
3258 3682 
3259 3683 
3260 3684 
3261 3685 
3262 3686 
3263 3687 
3264 3688 
3265 3689 
3266 3690 
3267 3691 
3268 3692 
3269 3693 
3270 3694 
3271 3695 
3272 3696 
3273 3697 
3274 3698 
3275 3699 
3276 3700 
3277 3701 
3278 3702 
3279 3703 
3280 3704 
3281 3705 
3282 3706 
3283 3707 
3284 3708 
3285 3709 
3286 3710 
3287 3711 
3288 3712 
3289 3713 
3290 3714 
3291 3715 
3292 3716 
3293 3717 
3294 3718 
3295 3719 
3296 3720 
3297 3721 
3298 3722 
3299 3724 
3300 3725 
3301 3726 
3302 3727 
3303 3728 
3304 3729 
3305 3730 
3306 3731 
3307 3732 
3308 3733 
3309 3734 
3310 3735 
3311 3736 
3312 3737 
3313 3738 
3314 3739 
3315 3740 
3316 3741 
3317 3742 
3318 3743 
3319 3744 
3320 3745 
3321 3746 
3322 3747 
3323 3748 
3324 3749 
3325 3750 
3326 3751 
3327 3752 
3328 3753 
3329 3755 
3330 3759 
3331 3760 
3332 3762 
3333 3763 
3334 3764 
3335 3765 
3336 3766 
3337 3767 
3338 3768 
3339 3769 
3340 3770 
3341 3771 
3342 3772 
3343 3773 
3344 3774 
3345 3775 
3346 3776 
3347 3777 
3348 3778 
3349 3779 
3350 3780 
3351 3781 
3352 3782 
3353 3783 
3354 3784 
3355 3785 
3356 3788 
3357 3789 
3358 3790 
3359 3791 
3360 3792 
3361 3793 
3362 3794 
3363 3795 
3364 3796 
3365 3797 
3366 3798 
3367 3799 
3368 3800 
3369 3801 
3370 3802 
3371 3803 
3372 3804 
3373 3805 
3374 3806 
3375 3807 
3376 3808 
3377 3809 
3378 3810 
3379 3811 
3380 3812 
3381 3813 
3382 3814 
3383 3815 
3384 3816 
3385 3817 
3386 3818 
3387 3819 
3388 3820 
3389 3821 
3390 3822 
3391 3823 
3392 3824 
3393 3825 
3394 3826 
3395 3827 
3396 3828 
3397 3829 
3398 3831 
3399 3832 
3400 3833 
3401 3834 
3402 3835 
3403 3836 
3404 3837 
3405 3838 
3406 3840 
3407 3841 
3408 3842 
3409 3844 
3410 3845 
3411 3846 
3412 3847 
3413 3848 
3414 3849 
3415 3850 
3416 3851 
3417 3852 
3418 3853 
3419 3854 
3420 3855 
3421 3856 
3422 3857 
3423 3858 
3424 3859 
3425 3860 
3426 3861 
3427 3862 
3428 3863 
3429 3864 
3430 3865 
3431 3866 
3432 3867 
3433 3868 
3434 3869 
3435 3870 
3436 3871 
3437 3872 
3438 3873 
3439 3874 
3440 3875 
3441 3876 
3442 3877 
3443 3878 
3444 3879 
3445 3880 
3446 3881 
3447 3882 
3448 3883 
3449 3884 
3450 3885 
3451 3886 
3452 3887 
3453 3888 
3454 3889 
3455 3890 
3456 3891 
3457 3892 
3458 3893 
3459 3894 
3460 3895 
3461 3896 
3462 3897 
3463 3898 
3464 3899 
3465 3900 
3466 3901 
3467 3902 
3468 3903 
3469 3904 
3470 3905 
3471 3906 
3472 3907 
3473 3908 
3474 3909 
3475 3910 
3476 3911 
3477 3912 
3478 3913 
3479 3914 
3480 3915 
3481 3916 
3482 3917 
3483 3918 
3484 3919 
3485 3920 
3486 3921 
3487 3922 
3488 3923 
3489 3924 
3490 3925 
3491 3926 
3492 3927 
3493 3928 
3494 3929 
3495 3930 
3496 3931 
3497 3932 
3498 3933 
3499 3934 
3500 3935 
3501 3936 
3502 3937 
3503 3938 
3504 3939 
3505 3940 
3506 3941 
3507 3942 
3508 3943 
3509 3944 
3510 3945 
3511 3946 
3512 3947 
3513 3948 
3514 3949 
3515 3950 
3516 3951 
3517 3952 
3518 3953 
3519 3954 
3520 3955 
3521 3956 
3522 3957 
3523 3958 
3524 3959 
3525 3960 
3526 3961 
3527 3962 
3528 3963 
3529 3964 
3530 3965 
3531 3966 
3532 3967 
3533 3968 
3534 3969 
3535 3970 
3536 3971 
3537 3972 
3538 3973 
3539 3974 
3540 3975 
3541 3976 
3542 3977 
3543 3978 
3544 3979 
3545 3980 
3546 3981 
3547 3982 
3548 3983 
3549 3984 
3550 3985 
3551 3986 
3552 3987 
3553 3988 
3554 3989 
3555 3990 
3556 3991 
3557 3992 
3558 3993 
3559 3994 
3560 3995 
3561 3996 
3562 3997 
3563 3998 
3564 3999 
3565 4000 
3566 4001 
3567 4002 
3568 4003 
3569 4004 
3570 4005 
3571 4006 
3572 4007 
3573 4008 
3574 4009 
3575 4010 
3576 4011 
3577 4012 
3578 4013 
3579 4014 
3580 4015 
3581 4016 
3582 4017 
3583 4018 
3584 4019 
3585 4020 
3586 4021 
3587 4022 
3588 4023 
3589 4024 
3590 4025 
3591 4026 
3592 4027 
3593 4028 
3594 4029 
3595 4030 
3596 4031 
3597 4032 
3598 4033 
3599 4034 
3600 4035 
3601 4036 
3602 4037 
3603 4038 
3604 4039 
3605 4040 
3606 4041 
3607 4042 
3608 4043 
3609 4044 
3610 4045 
3611 4046 
3612 4047 
3613 4048 
3614 4049 
3615 4050 
3616 4051 
3617 4052 
3618 4053 
3619 4054 
3620 4055 
3621 4056 
3622 4057 
3623 4058 
3624 4059 
3625 4060 
3626 4061 
3627 4062 
3628 4063 
3629 4064 
3630 4065 
3631 4066 
3632 4067 
3633 4068 
3634 4069 
3635 4070 
3636 4072 
3637 4073 
3638 4074 
3639 4075 
3640 4076 
3641 4077 
3642 4078 
3643 4079 
3644 4080 
3645 4081 
3646 4082 
3647 4083 
3648 4084 
3649 4085 
3650 4086 
3651 4087 
3652 4088 
3653 4089 
3654 4090 
3655 4092 
3656 4093 
3657 4094 
3658 4095 
3659 4096 
3660 4097 
3661 4098 
3662 4099 
3663 4100 
3664 4101 
3665 4102 
3666 4103 
3667 4104 
3668 4105 
3669 4106 
3670 4107 
3671 4108 
3672 4109 
3673 4110 
3674 4111 
3675 4112 
3676 4113 
3677 4114 
3678 4115 
3679 4116 
3680 4117 
3681 4118 
3682 4119 
3683 4120 
3684 4121 
3685 4122 
3686 4123 
3687 4124 
3688 4125 
3689 4126 
3690 4127 
3691 4128 
3692 4129 
3693 4130 
3694 4131 
3695 4132 
3696 4133 
3697 4134 
3698 4135 
3699 4136 
3700 4137 
3701 4138 
3702 4139 
3703 4140 
3704 4141 
3705 4142 
3706 4143 
3707 4144 
3708 4145 
3709 4146 
3710 4147 
3711 4148 
3712 4149 
3713 4150 
3714 4151 
3715 4152 
3716 4153 
3717 4154 
3718 4155 
3719 4156 
3720 4157 
3721 4158 
3722 4159 
3723 4160 
3724 4161 
3725 4162 
3726 4163 
3727 4164 
3728 4165 
3729 4166 
3730 4167 
3731 4168 
3732 4169 
3733 4170 
3734 4171 
3735 4172 
3736 4173 
3737 4174 
3738 4175 
3739 4176 
3740 4177 
3741 4178 
3742 4179 
3743 4180 
3744 4181 
3745 4182 
3746 4183 
3747 4184 
3748 4185 
3749 4186 
3750 4187 
3751 4188 
3752 4189 
3753 4191 
3754 4192 
3755 4193 
3756 4194 
3757 4195 
3758 4196 
3759 4197 
3760 4198 
3761 4199 
3762 4200 
3763 4201 
3764 4202 
3765 4203 
3766 4204 
3767 4205 
3768 4206 
3769 4207 
3770 4208 
3771 4209 
3772 4210 
3773 4211 
3774 4212 
3775 4213 
3776 4214 
3777 4215 
3778 4216 
3779 4217 
3780 4218 
3781 4219 
3782 4220 
3783 4221 
3784 4222 
3785 4223 
3786 4224 
3787 4225 
3788 4226 
3789 4227 
3790 4228 
3791 4229 
3792 4230 
3793 4231 
3794 4232 
3795 4233 
3796 4234 
3797 4235 
3798 4236 
3799 4237 
3800 4238 
3801 4239 
3802 4240 
3803 4241 
3804 4242 
3805 4243 
3806 4244 
3807 4245 
3808 4246 
3809 4247 
3810 4248 
3811 4250 
3812 4251 
3813 4252 
3814 4253 
3815 4254 
3816 4255 
3817 4256 
3818 4257 
3819 4259 
3820 4260 
3821 4261 
3822 4262 
3823 4263 
3824 4264 
3825 4265 
3826 4266 
3827 4267 
3828 4268 
3829 4269 
3830 4270 
3831 4271 
3832 4272 
3833 4273 
3834 4274 
3835 4275 
3836 4276 
3837 4277 
3838 4278 
3839 4279 
3840 4280 
3841 4281 
3842 4282 
3843 4284 
3844 4285 
3845 4286 
3846 4287 
3847 4288 
3848 4289 
3849 4290 
3850 4291 
3851 4292 
3852 4293 
3853 4294 
3854 4295 
3855 4296 
3856 4297 
3857 4298 
3858 4299 
3859 4300 
3860 4301 
3861 4302 
3862 4303 
3863 4304 
3864 4305 
3865 4306 
3866 4308 
3867 4309 
3868 4310 
3869 4312 
3870 4313 
3871 4314 
3872 4316 
3873 4317 
3874 4318 
3875 4319 
3876 4320 
3877 4321 
3878 4322 
3879 4323 
3880 4324 
3881 4326 
3882 4327 
3883 4328 
3884 4329 
3885 4330 
3886 4331 
3887 4332 
3888 4333 
3889 4336 
3890 4337 
3891 4339 
3892 4341 
3893 4342 
3894 4343 
3895 4344 
3896 4345 
3897 4346 
3898 4347 
3899 4348 
3900 4349 
3901 4351 
3902 4352 
3903 4353 
3904 4354 
3905 4355 
3906 4356 
3907 4357 
3908 4358 
3909 4359 
3910 4360 
3911 4362 
3912 4363 
3913 4364 
3914 4365 
3915 4366 
3916 4367 
3917 4368 
3918 4369 
3919 4370 
3920 4371 
3921 4372 
3922 4373 
3923 4374 
3924 4375 
3925 4376 
3926 4377 
3927 4378 
3928 4379 
3929 4380 
3930 4381 
3931 4382 
3932 4383 
3933 4385 
3934 4387 
3935 4388 
3936 4389 
3937 4390 
3938 4392 
3939 4393 
3940 4394 
3941 4395 
3942 4396 
3943 4397 
3944 4398 
3945 4399 
3946 4400 
3947 4403 
3948 4404 
3949 4405 
3950 4406 
3951 4407 
3952 4408 
3953 4409 
3954 4410 
3955 4411 
3956 4412 
3957 4413 
3958 4414 
3959 4415 
3960 4416 
3961 4417 
3962 4418 
3963 4419 
3964 4420 
3965 4421 
3966 4422 
3967 4423 
3968 4424 
3969 4425 
3970 4426 
3971 4427 
3972 4428 
3973 4429 
3974 4430 
3975 4431 
3976 4432 
3977 4433 
3978 4434 
3979 4435 
3980 4436 
3981 4437 
3982 4438 
3983 4439 
3984 4440 
3985 4441 
3986 4442 
3987 4443 
3988 4444 
3989 4446 
3990 4447 
3991 4448 
3992 4450 
3993 4452 
3994 4453 
3995 4454 
3996 4455 
3997 4456 
3998 4458 
3999 4459 
4000 4460 
4001 4461 
4002 4462 
4003 4463 
4004 4464 
4005 4465 
4006 4466 
4007 4467 
4008 4468 
4009 4469 
4010 4470 
4011 4471 
4012 4472 
4013 4473 
4014 4474 
4015 4475 
4016 4476 
4017 4477 
4018 4478 
4019 4479 
4020 4480 
4021 4481 
4022 4482 
4023 4483 
4024 4484 
4025 4485 
4026 4486 
4027 4487 
4028 4488 
4029 4489 
4030 4490 
4031 4491 
4032 4492 
4033 4493 
4034 4494 
4035 4495 
4036 4496 
4037 4497 
4038 4498 
4039 4499 
4040 4500 
4041 4501 
4042 4502 
4043 4504 
4044 4505 
4045 4506 
4046 4507 
4047 4508 
4048 4509 
4049 4510 
4050 4511 
4051 4512 
4052 4513 
4053 4514 
4054 4515 
4055 4516 
4056 4517 
4057 4518 
4058 4519 
4059 4520 
4060 4521 
4061 4522 
4062 4523 
4063 4524 
4064 4525 
4065 4526 
4066 4527 
4067 4528 
4068 4529 
4069 4530 
4070 4531 
4071 4532 
4072 4533 
4073 4534 
4074 4535 
4075 4538 
4076 4539 
4077 4540 
4078 4541 
4079 4542 
4080 4543 
4081 4544 
4082 4545 
4083 4546 
4084 4547 
4085 4548 
4086 4549 
4087 4550 
4088 4551 
4089 4552 
4090 4553 
4091 4554 
4092 4555 
4093 4556 
4094 4557 
4095 4559 
4096 4560 
4097 4561 
4098 4562 
4099 4563 
4100 4564 
4101 4565 
4102 4567 
4103 4568 
4104 4570 
4105 4571 
4106 4572 
4107 4573 
4108 4575 
4109 4576 
4110 4577 
4111 4578 
4112 4579 
4113 4580 
4114 4581 
4115 4582 
4116 4583 
4117 4584 
4118 4585 
4119 4586 
4120 4587 
4121 4588 
4122 4589 
4123 4590 
4124 4591 
4125 4592 
4126 4593 
4127 4594 
4128 4595 
4129 4596 
4130 4597 
4131 4598 
4132 4599 
4133 4600 
4134 4601 
4135 4602 
4136 4603 
4137 4605 
4138 4606 
4139 4607 
4140 4608 
4141 4609 
4142 4610 
4143 4611 
4144 4612 
4145 4613 
4146 4614 
4147 4615 
4148 4616 
4149 4617 
4150 4620 
4151 4621 
4152 4622 
4153 4623 
4154 4624 
4155 4625 
4156 4626 
4157 4627 
4158 4628 
4159 4631 
4160 4632 
4161 4633 
4162 4634 
4163 4635 
4164 4636 
4165 4637 
4166 4638 
4167 4639 
4168 4640 
4169 4641 
4170 4642 
4171 4643 
4172 4644 
4173 4645 
4174 4646 
4175 4647 
4176 4648 
4177 4649 
4178 4650 
4179 4651 
4180 4652 
4181 4653 
4182 4654 
4183 4655 
4184 4656 
4185 4657 
4186 4658 
4187 4659 
4188 4660 
4189 4661 
4190 4662 
4191 4663 
4192 4664 
4193 4665 
4194 4666 
4195 4667 
4196 4668 
4197 4669 
4198 4670 
4199 4671 
4200 4672 
4201 4673 
4202 4674 
4203 4675 
4204 4676 
4205 4677 
4206 4678 
4207 4679 
4208 4680 
4209 4681 
4210 4682 
4211 4683 
4212 4684 
4213 4685 
4214 4686 
4215 4687 
4216 4688 
4217 4689 
4218 4690 
4219 4691 
4220 4692 
4221 4693 
4222 4694 
4223 4695 
4224 4696 
4225 4697 
4226 4698 
4227 4699 
4228 4700 
4229 4701 
4230 4702 
4231 4703 
4232 4704 
4233 4705 
4234 4706 
4235 4707 
4236 4708 
4237 4709 
4238 4710 
4239 4711 
4240 4712 
4241 4713 
4242 4714 
4243 4715 
4244 4716 
4245 4717 
4246 4718 
4247 4719 
4248 4720 
4249 4721 
4250 4722 
4251 4723 
4252 4724 
4253 4725 
4254 4726 
4255 4727 
4256 4728 
4257 4729 
4258 4730 
4259 4731 
4260 4732 
4261 4733 
4262 4734 
4263 4735 
4264 4736 
4265 4737 
4266 4738 
4267 4739 
4268 4740 
4269 4741 
4270 4742 
4271 4743 
4272 4744 
4273 4745 
4274 4746 
4275 4747 
4276 4748 
4277 4750 
4278 4751 
4279 4752 
4280 4753 
4281 4754 
4282 4755 
4283 4756 
4284 4757 
4285 4758 
4286 4759 
4287 4760 
4288 4761 
4289 4762 
4290 4763 
4291 4764 
4292 4765 
4293 4766 
4294 4767 
4295 4768 
4296 4769 
4297 4771 
4298 4772 
4299 4774 
4300 4775 
4301 4776 
4302 4777 
4303 4778 
4304 4779 
4305 4780 
4306 4781 
4307 4782 
4308 4783 
4309 4784 
4310 4785 
4311 4786 
4312 4787 
4313 4788 
4314 4789 
4315 4790 
4316 4791 
4317 4792 
4318 4794 
4319 4798 
4320 4799 
4321 4802 
4322 4807 
4323 4808 
4324 4809 
4325 4810 
4326 4811 
4327 4812 
4328 4813 
4329 4814 
4330 4815 
4331 4816 
4332 4817 
4333 4818 
4334 4819 
4335 4821 
4336 4822 
4337 4823 
4338 4825 
4339 4826 
4340 4827 
4341 4828 
4342 4829 
4343 4830 
4344 4831 
4345 4832 
4346 4833 
4347 4835 
4348 4836 
4349 4837 
4350 4838 
4351 4839 
4352 4840 
4353 4841 
4354 4842 
4355 4843 
4356 4844 
4357 4846 
4358 4847 
4359 4848 
4360 4850 
4361 4851 
4362 4852 
4363 4853 
4364 4854 
4365 4855 
4366 4856 
4367 4857 
4368 4858 
4369 4859 
4370 4860 
4371 4861 
4372 4862 
4373 4863 
4374 4864 
4375 4865 
4376 4866 
4377 4867 
4378 4868 
4379 4869 
4380 4870 
4381 4871 
4382 4872 
4383 4873 
4384 4875 
4385 4876 
4386 4877 
4387 4878 
4388 4879 
4389 4881 
4390 4882 
4391 4884 
4392 4885 
4393 4886 
4394 4887 
4395 4888 
4396 4889 
4397 4890 
4398 4891 
4399 4892 
4400 4893 
4401 4894 
4402 4895 
4403 4896 
4404 4897 
4405 4898 
4406 4899 
4407 4901 
4408 4902 
4409 4903 
4410 4904 
4411 4905 
4412 4906 
4413 4907 
4414 4908 
4415 4909 
4416 4910 
4417 4911 
4418 4912 
4419 4914 
4420 4915 
4421 4916 
4422 4917 
4423 4918 
4424 4919 
4425 4920 
4426 4921 
4427 4922 
4428 4924 
4429 4925 
4430 4926 
4431 4927 
4432 4928 
4433 4929 
4434 4930 
4435 4931 
4436 4932 
4437 4933 
4438 4934 
4439 4935 
4440 4936 
4441 4937 
4442 4938 
4443 4939 
4444 4940 
4445 4941 
4446 4942 
4447 4943 
4448 4944 
4449 4945 
4450 4946 
4451 4948 
4452 4950 
4453 4951 
4454 4953 
4455 4954 
4456 4955 
4457 4956 
4458 4957 
4459 4958 
4460 4959 
4461 4960 
4462 4961 
4463 4962 
4464 4963 
4465 4964 
4466 4965 
4467 4966 
4468 4967 
4469 4968 
4470 4969 
4471 4970 
4472 4971 
4473 4972 
4474 4973 
4475 4974 
4476 4975 
4477 4976 
4478 4977 
4479 4978 
4480 4979 
4481 4980 
4482 4981 
4483 4982 
4484 4983 
4485 4984 
4486 4985 
4487 4986 
4488 4987 
4489 4989 
4490 4990 
4491 4991 
4492 4992 
4493 4993 
4494 4994 
4495 4995 
4496 4996 
4497 4997 
4498 4998 
4499 4999 
4500 5000 
4501 5001 
4502 5002 
4503 5003 
4504 5004 
4505 5005 
4506 5006 
4507 5007 
4508 5008 
4509 5009 
4510 5010 
4511 5011 
4512 5012 
4513 5013 
4514 5014 
4515 5015 
4516 5016 
4517 5017 
4518 5018 
4519 5019 
4520 5020 
4521 5021 
4522 5022 
4523 5023 
4524 5024 
4525 5025 
4526 5026 
4527 5027 
4528 5028 
4529 5029 
4530 5030 
4531 5031 
4532 5032 
4533 5033 
4534 5034 
4535 5035 
4536 5036 
4537 5037 
4538 5038 
4539 5039 
4540 5040 
4541 5042 
4542 5043 
4543 5044 
4544 5045 
4545 5046 
4546 5047 
4547 5048 
4548 5049 
4549 5050 
4550 5051 
4551 5052 
4552 5053 
4553 5054 
4554 5055 
4555 5056 
4556 5057 
4557 5058 
4558 5059 
4559 5060 
4560 5061 
4561 5062 
4562 5063 
4563 5064 
4564 5065 
4565 5066 
4566 5067 
4567 5068 
4568 5069 
4569 5070 
4570 5071 
4571 5072 
4572 5073 
4573 5074 
4574 5078 
4575 5079 
4576 5080 
4577 5081 
4578 5082 
4579 5083 
4580 5084 
4581 5085 
4582 5086 
4583 5087 
4584 5088 
4585 5089 
4586 5090 
4587 5091 
4588 5092 
4589 5093 
4590 5094 
4591 5095 
4592 5096 
4593 5097 
4594 5098 
4595 5099 
4596 5100 
4597 5101 
4598 5102 
4599 5103 
4600 5104 
4601 5106 
4602 5108 
4603 5109 
4604 5110 
4605 5111 
4606 5112 
4607 5113 
4608 5114 
4609 5115 
4610 5116 
4611 5117 
4612 5118 
4613 5119 
4614 5120 
4615 5121 
4616 5123 
4617 5124 
4618 5125 
4619 5126 
4620 5127 
4621 5128 
4622 5129 
4623 5130 
4624 5131 
4625 5132 
4626 5133 
4627 5134 
4628 5135 
4629 5136 
4630 5137 
4631 5138 
4632 5139 
4633 5140 
4634 5141 
4635 5142 
4636 5143 
4637 5144 
4638 5145 
4639 5146 
4640 5147 
4641 5148 
4642 5149 
4643 5150 
4644 5151 
4645 5152 
4646 5153 
4647 5154 
4648 5155 
4649 5156 
4650 5157 
4651 5158 
4652 5159 
4653 5160 
4654 5161 
4655 5162 
4656 5163 
4657 5164 
4658 5165 
4659 5166 
4660 5167 
4661 5168 
4662 5169 
4663 5170 
4664 5171 
4665 5172 
4666 5173 
4667 5174 
4668 5175 
4669 5176 
4670 5177 
4671 5178 
4672 5179 
4673 5180 
4674 5181 
4675 5183 
4676 5184 
4677 5188 
4678 5189 
4679 5190 
4680 5193 
4681 5194 
4682 5195 
4683 5196 
4684 5197 
4685 5198 
4686 5199 
4687 5200 
4688 5201 
4689 5202 
4690 5203 
4691 5204 
4692 5205 
4693 5206 
4694 5208 
4695 5209 
4696 5210 
4697 5211 
4698 5213 
4699 5214 
4700 5218 
4701 5219 
4702 5220 
4703 5222 
4704 5225 
4705 5226 
4706 5227 
4707 5228 
4708 5230 
4709 5231 
4710 5232 
4711 5235 
4712 5236 
4713 5237 
4714 5240 
4715 5241 
4716 5242 
4717 5243 
4718 5244 
4719 5245 
4720 5246 
4721 5247 
4722 5249 
4723 5253 
4724 5255 
4725 5257 
4726 5258 
4727 5259 
4728 5264 
4729 5267 
4730 5268 
4731 5272 
4732 5273 
4733 5274 
4734 5276 
4735 5277 
4736 5278 
4737 5279 
4738 5280 
4739 5281 
4740 5283 
4741 5284 
4742 5288 
4743 5289 
4744 5290 
4745 5291 
4746 5292 
4747 5293 
4748 5294 
4749 5295 
4750 5296 
4751 5297 
4752 5298 
4753 5299 
4754 5300 
4755 5301 
4756 5302 
4757 5303 
4758 5304 
4759 5305 
4760 5306 
4761 5307 
4762 5308 
4763 5309 
4764 5310 
4765 5311 
4766 5312 
4767 5314 
4768 5315 
4769 5316 
4770 5317 
4771 5318 
4772 5319 
4773 5320 
4774 5321 
4775 5322 
4776 5323 
4777 5324 
4778 5325 
4779 5326 
4780 5327 
4781 5328 
4782 5329 
4783 5330 
4784 5331 
4785 5332 
4786 5333 
4787 5334 
4788 5335 
4789 5336 
4790 5337 
4791 5338 
4792 5339 
4793 5340 
4794 5341 
4795 5343 
4796 5344 
4797 5346 
4798 5349 
4799 5350 
4800 5351 
4801 5354 
4802 5356 
4803 5358 
4804 5360 
4805 5361 
4806 5362 
4807 5363 
4808 5364 
4809 5365 
4810 5366 
4811 5367 
4812 5368 
4813 5369 
4814 5370 
4815 5371 
4816 5372 
4817 5373 
4818 5374 
4819 5375 
4820 5377 
4821 5378 
4822 5381 
4823 5383 
4824 5384 
4825 5385 
4826 5386 
4827 5387 
4828 5388 
4829 5389 
4830 5390 
4831 5392 
4832 5393 
4833 5394 
4834 5395 
4835 5398 
4836 5399 
4837 5400 
4838 5401 
4839 5404 
4840 5405 
4841 5406 
4842 5407 
4843 5408 
4844 5409 
4845 5410 
4846 5411 
4847 5412 
4848 5413 
4849 5414 
4850 5415 
4851 5416 
4852 5417 
4853 5418 
4854 5419 
4855 5420 
4856 5421 
4857 5422 
4858 5423 
4859 5425 
4860 5426 
4861 5429 
4862 5430 
4863 5431 
4864 5433 
4865 5434 
4866 5435 
4867 5436 
4868 5437 
4869 5438 
4870 5439 
4871 5440 
4872 5442 
4873 5443 
4874 5444 
4875 5446 
4876 5448 
4877 5449 
4878 5450 
4879 5451 
4880 5453 
4881 5454 
4882 5455 
4883 5456 
4884 5457 
4885 5459 
4886 5463 
4887 5464 
4888 5466 
4889 5467 
4890 5468 
4891 5469 
4892 5471 
4893 5472 
4894 5473 
4895 5474 
4896 5475 
4897 5476 
4898 5477 
4899 5478 
4900 5479 
4901 5480 
4902 5481 
4903 5482 
4904 5483 
4905 5484 
4906 5485 
4907 5486 
4908 5487 
4909 5488 
4910 5489 
4911 5490 
4912 5491 
4913 5492 
4914 5493 
4915 5494 
4916 5495 
4917 5496 
4918 5499 
4919 5500 
4920 5501 
4921 5502 
4922 5503 
4923 5505 
4924 5506 
4925 5507 
4926 5508 
4927 5509 
4928 5510 
4929 5511 
4930 5512 
4931 5513 
4932 5514 
4933 5515 
4934 5516 
4935 5520 
4936 5522 
4937 5523 
4938 5524 
4939 5525 
4940 5526 
4941 5527 
4942 5528 
4943 5529 
4944 5530 
4945 5531 
4946 5532 
4947 5533 
4948 5534 
4949 5535 
4950 5536 
4951 5537 
4952 5538 
4953 5539 
4954 5540 
4955 5541 
4956 5542 
4957 5543 
4958 5544 
4959 5545 
4960 5546 
4961 5547 
4962 5548 
4963 5549 
4964 5550 
4965 5551 
4966 5552 
4967 5554 
4968 5555 
4969 5556 
4970 5557 
4971 5558 
4972 5559 
4973 5560 
4974 5561 
4975 5563 
4976 5564 
4977 5565 
4978 5567 
4979 5568 
4980 5570 
4981 5573 
4982 5574 
4983 5575 
4984 5577 
4985 5578 
4986 5579 
4987 5580 
4988 5581 
4989 5582 
4990 5583 
4991 5584 
4992 5585 
4993 5586 
4994 5587 
4995 5588 
4996 5589 
4997 5590 
4998 5591 
4999 5592 
5000 5593 
5001 5594 
5002 5595 
5003 5596 
5004 5597 
5005 5598 
5006 5599 
5007 5600 
5008 5601 
5009 5602 
5010 5603 
5011 5604 
5012 5605 
5013 5606 
5014 5607 
5015 5608 
5016 5609 
5017 5610 
5018 5611 
5019 5612 
5020 5613 
5021 5614 
5022 5615 
5023 5616 
5024 5617 
5025 5618 
5026 5619 
5027 5620 
5028 5622 
5029 5623 
5030 5624 
5031 5625 
5032 5626 
5033 5627 
5034 5628 
5035 5629 
5036 5630 
5037 5631 
5038 5632 
5039 5633 
5040 5634 
5041 5635 
5042 5636 
5043 5637 
5044 5638 
5045 5639 
5046 5640 
5047 5641 
5048 5642 
5049 5643 
5050 5644 
5051 5645 
5052 5646 
5053 5648 
5054 5649 
5055 5650 
5056 5651 
5057 5652 
5058 5653 
5059 5654 
5060 5655 
5061 5659 
5062 5660 
5063 5661 
5064 5662 
5065 5663 
5066 5664 
5067 5665 
5068 5666 
5069 5667 
5070 5668 
5071 5669 
5072 5670 
5073 5671 
5074 5672 
5075 5673 
5076 5674 
5077 5675 
5078 5676 
5079 5680 
5080 5681 
5081 5682 
5082 5683 
5083 5684 
5084 5685 
5085 5686 
5086 5688 
5087 5689 
5088 5690 
5089 5691 
5090 5692 
5091 5693 
5092 5697 
5093 5698 
5094 5699 
5095 5700 
5096 5701 
5097 5702 
5098 5703 
5099 5704 
5100 5705 
5101 5706 
5102 5707 
5103 5708 
5104 5709 
5105 5711 
5106 5712 
5107 5713 
5108 5714 
5109 5715 
5110 5716 
5111 5717 
5112 5718 
5113 5719 
5114 5720 
5115 5725 
5116 5726 
5117 5727 
5118 5729 
5119 5730 
5120 5731 
5121 5732 
5122 5733 
5123 5734 
5124 5735 
5125 5736 
5126 5737 
5127 5738 
5128 5739 
5129 5745 
5130 5746 
5131 5752 
5132 5753 
5133 5757 
5134 5758 
5135 5759 
5136 5761 
5137 5762 
5138 5763 
5139 5764 
5140 5765 
5141 5767 
5142 5768 
5143 5771 
5144 5773 
5145 5774 
5146 5775 
5147 5777 
5148 5778 
5149 5779 
5150 5780 
5151 5782 
5152 5783 
5153 5784 
5154 5785 
5155 5786 
5156 5787 
5157 5788 
5158 5790 
5159 5791 
5160 5792 
5161 5795 
5162 5796 
5163 5797 
5164 5798 
5165 5800 
5166 5801 
5167 5802 
5168 5803 
5169 5804 
5170 5805 
5171 5806 
5172 5807 
5173 5808 
5174 5813 
5175 5814 
5176 5815 
5177 5816 
5178 5817 
5179 5818 
5180 5819 
5181 5820 
5182 5822 
5183 5823 
5184 5824 
5185 5825 
5186 5826 
5187 5827 
5188 5828 
5189 5831 
5190 5832 
5191 5833 
5192 5834 
5193 5835 
5194 5837 
5195 5838 
5196 5842 
5197 5843 
5198 5846 
5199 5847 
5200 5848 
5201 5849 
5202 5850 
5203 5851 
5204 5852 
5205 5853 
5206 5854 
5207 5855 
5208 5856 
5209 5857 
5210 5858 
5211 5859 
5212 5863 
5213 5864 
5214 5865 
5215 5867 
5216 5868 
5217 5870 
5218 5871 
5219 5873 
5220 5874 
5221 5878 
5222 5879 
5223 5880 
5224 5881 
5225 5882 
5226 5886 
5227 5887 
5228 5888 
5229 5889 
5230 5891 
5231 5892 
5232 5893 
5233 5894 
5234 5895 
5235 5896 
5236 5897 
5237 5898 
5238 5899 
5239 5900 
5240 5901 
5241 5902 
5242 5903 
5243 5904 
5244 5905 
5245 5907 
5246 5908 
5247 5909 
5248 5910 
5249 5912 
5250 5913 
5251 5914 
5252 5915 
5253 5916 
5254 5917 
5255 5918 
5256 5919 
5257 5920 
5258 5921 
5259 5922 
5260 5923 
5261 5924 
5262 5925 
5263 5926 
5264 5929 
5265 5930 
5266 5931 
5267 5932 
5268 5933 
5269 5934 
5270 5935 
5271 5936 
5272 5937 
5273 5938 
5274 5939 
5275 5940 
5276 5942 
5277 5943 
5278 5944 
5279 5945 
5280 5946 
5281 5947 
5282 5948 
5283 5949 
5284 5950 
5285 5952 
5286 5953 
5287 5954 
5288 5955 
5289 5956 
5290 5957 
5291 5958 
5292 5959 
5293 5960 
5294 5962 
5295 5964 
5296 5965 
5297 5966 
5298 5969 
5299 5970 
5300 5971 
5301 5972 
5302 5973 
5303 5974 
5304 5975 
5305 5977 
5306 5978 
5307 5981 
5308 5982 
5309 5983 
5310 5984 
5311 5985 
5312 5986 
5313 5987 
5314 5988 
5315 5989 
5316 5990 
5317 5991 
5318 5992 
5319 5993 
5320 5995 
5321 5996 
5322 5997 
5323 5998 
5324 5999 
5325 6001 
5326 6002 
5327 6003 
5328 6004 
5329 6006 
5330 6007 
5331 6008 
5332 6009 
5333 6010 
5334 6011 
5335 6012 
5336 6014 
5337 6015 
5338 6016 
5339 6017 
5340 6018 
5341 6019 
5342 6020 
5343 6021 
5344 6022 
5345 6023 
5346 6024 
5347 6025 
5348 6026 
5349 6027 
5350 6028 
5351 6029 
5352 6030 
5353 6031 
5354 6033 
5355 6034 
5356 6035 
5357 6036 
5358 6037 
5359 6038 
5360 6039 
5361 6040 
5362 6041 
5363 6043 
5364 6044 
5365 6045 
5366 6046 
5367 6047 
5368 6048 
5369 6049 
5370 6050 
5371 6051 
5372 6052 
5373 6053 
5374 6054 
5375 6055 
5376 6056 
5377 6057 
5378 6058 
5379 6059 
5380 6061 
5381 6062 
Landscape Indices
TA 852.032302
LPI 2.157928
AREA_MN 0.158311
AREA_AM 2.262931
AREA_MD 0.043755
GYRATE_MN 9.731187
GYRATE_AM 44.471100
GYRATE_MD 6.557399
