Parcel indices
Type Original Type GYRATE 
0 0 7.217008 
0 0 3.671040 
0 0 5.268371 
1 1 5.105404 
1 1 6.197357 
0 0 11.608488 
0 0 3.987650 
0 0 5.285073 
0 0 13.214452 
1 1 5.582111 
0 0 4.842885 
0 0 4.931564 
0 0 10.727213 
1 1 5.079826 
0 0 5.212533 
1 1 4.100781 
1 1 5.751436 
1 1 4.866961 
0 0 5.288276 
1 1 4.094350 
0 0 10.398194 
0 0 13.592511 
2 3 8.618782 
3 4 14.741388 
1 1 3.293009 
0 0 4.518032 
0 0 4.582920 
0 0 4.452205 
3 4 9.074553 
1 1 11.007090 
0 0 11.853634 
0 0 7.928799 
3 4 28.370035 
3 4 29.207257 
0 0 10.240701 
4 5 6.067949 
0 0 6.555462 
0 0 7.121723 
2 3 15.905276 
0 0 20.480524 
0 0 14.367073 
0 0 21.122637 
2 3 20.893794 
0 0 13.578356 
0 0 16.821633 
0 0 5.081121 
2 3 45.859485 
2 3 62.312214 
2 3 10.501773 
1 1 4.539704 
1 1 7.600638 
3 4 19.295836 
3 4 19.161203 
0 0 6.783099 
0 0 14.442766 
0 0 14.669065 
1 1 4.248543 
3 4 1.912634 
1 1 4.551366 
3 4 4.198390 
1 1 3.924190 
1 1 4.637047 
3 4 3.564159 
1 1 5.354707 
1 1 5.155263 
3 4 12.118573 
5 6 10.539255 
3 4 15.160674 
0 0 10.018929 
0 0 9.563539 
1 1 7.944160 
0 0 15.162516 
1 1 5.838809 
1 1 5.203687 
1 1 5.816605 
1 1 6.147989 
1 1 5.837402 
1 1 5.798874 
1 1 10.181063 
1 1 11.424292 
1 1 7.289415 
1 1 9.182692 
1 1 8.665068 
1 1 9.101313 
4 5 20.203296 
1 1 5.186270 
1 1 5.648308 
1 1 5.917566 
1 1 5.634273 
3 4 3.660560 
1 1 5.324850 
0 0 16.663159 
0 0 20.534649 
3 4 35.161335 
0 0 12.116258 
5 6 5.277099 
1 1 17.108883 
1 1 11.185515 
1 1 5.917347 
1 1 6.110853 
2 3 43.275582 
2 3 12.945950 
1 1 13.303730 
2 3 23.130940 
2 3 22.544815 
2 3 21.618155 
0 0 16.279585 
0 0 11.237216 
1 1 5.998118 
1 1 5.758202 
1 1 8.518033 
1 1 9.396528 
1 1 5.760477 
1 1 5.846580 
1 1 5.868357 
1 1 11.096563 
2 3 18.707629 
1 1 5.812667 
1 1 5.436457 
1 1 6.197531 
1 1 5.634812 
1 1 5.198548 
1 1 5.597165 
1 1 5.742913 
1 1 5.427358 
1 1 5.219823 
1 1 5.276755 
3 4 4.658774 
1 1 8.053290 
1 1 8.460992 
1 1 8.485589 
1 1 8.725825 
1 1 11.641997 
1 1 7.207136 
1 1 8.000685 
1 1 7.997388 
1 1 7.986156 
1 1 8.269711 
1 1 8.540625 
1 1 6.269642 
1 1 5.804706 
1 1 5.312159 
3 4 6.383948 
3 4 31.328777 
4 5 16.161084 
1 1 5.653699 
1 1 5.346038 
1 1 5.452463 
1 1 5.544989 
1 1 5.348224 
1 1 5.579654 
3 4 2.415725 
3 4 28.261797 
3 4 12.107920 
3 4 41.193563 
1 1 5.708469 
1 1 5.862381 
1 1 5.877643 
1 1 5.422329 
1 1 5.696692 
0 0 18.561629 
0 0 18.573676 
1 1 5.405177 
1 1 5.407114 
1 1 5.410276 
1 1 5.749860 
1 1 5.478239 
1 1 5.586182 
1 1 5.759859 
1 1 5.742475 
1 1 5.771933 
1 1 5.411531 
1 1 5.505698 
1 1 5.225611 
1 1 5.374391 
1 1 5.507103 
1 1 5.555912 
1 1 5.713811 
3 4 4.086830 
3 4 6.299980 
3 4 5.096039 
4 5 4.207147 
1 1 5.520596 
1 1 5.231240 
1 1 5.888191 
1 1 5.893656 
1 1 6.756044 
3 4 14.279326 
3 4 19.656737 
3 4 32.567075 
1 1 5.206839 
1 1 5.302079 
1 1 5.813474 
1 1 5.481793 
1 1 5.517434 
1 1 5.687718 
1 1 5.376068 
1 1 5.491236 
1 1 5.589775 
1 1 5.653564 
1 1 5.392006 
1 1 5.349593 
1 1 5.750860 
1 1 6.049347 
0 0 3.482470 
1 1 3.120345 
0 0 3.320953 
1 1 5.439288 
1 1 8.392139 
1 1 5.435396 
1 1 5.479458 
1 1 5.217812 
1 1 5.192658 
1 1 5.445927 
1 1 5.169495 
1 1 4.989057 
1 1 5.001850 
1 1 4.833300 
1 1 3.545963 
1 1 3.713191 
0 0 2.806411 
0 0 11.471117 
0 0 2.622444 
1 1 5.425621 
0 0 5.728179 
0 0 3.349976 
0 0 4.032870 
0 0 3.262651 
0 0 5.781276 
3 4 6.407518 
1 1 9.842334 
0 0 5.258614 
6 7 5.834401 
3 4 29.746046 
3 4 8.988268 
0 0 12.087639 
3 4 27.461974 
7 8 8.825609 
3 4 8.472880 
3 4 8.470839 
3 4 8.610579 
3 4 8.541478 
3 4 8.309723 
3 4 9.695131 
3 4 11.432594 
6 7 6.136840 
3 4 8.859007 
0 0 4.425982 
0 0 4.269942 
0 0 4.075746 
0 0 3.372672 
0 0 5.313996 
0 0 3.842028 
0 0 4.979025 
0 0 3.031634 
1 1 4.229566 
0 0 3.928221 
1 1 5.096019 
1 1 6.714872 
1 1 7.784079 
2 3 12.466352 
1 1 12.318351 
0 0 13.373468 
0 0 16.657451 
2 3 14.496545 
1 1 8.617719 
1 1 8.696151 
1 1 15.204085 
2 3 24.941709 
1 1 5.442311 
1 1 5.537396 
1 1 5.743061 
1 1 5.528739 
3 4 4.088504 
0 0 12.473582 
0 0 11.921536 
0 0 15.354322 
0 0 6.389546 
0 0 5.291338 
0 0 4.293160 
1 1 4.286254 
3 4 2.814590 
1 1 13.854299 
1 1 6.292525 
0 0 7.949404 
1 1 2.951366 
1 1 3.230296 
0 0 2.961714 
0 0 5.392815 
0 0 5.086549 
0 0 5.014945 
0 0 5.565452 
0 0 6.643135 
0 0 5.885921 
0 0 4.913834 
1 1 2.338674 
3 4 3.380824 
1 1 5.833704 
1 1 7.888731 
1 1 7.972029 
1 1 5.998638 
1 1 5.937655 
1 1 7.550576 
1 1 6.950928 
1 1 6.222044 
1 1 2.429917 
3 4 2.713572 
1 1 10.508318 
1 1 4.284056 
1 1 5.815790 
1 1 5.812681 
1 1 6.645921 
1 1 6.445326 
1 1 6.035019 
1 1 5.769797 
1 1 5.993708 
1 1 5.872399 
1 1 6.113752 
1 1 6.149168 
1 1 6.351139 
1 1 6.465436 
1 1 6.922088 
1 1 7.353564 
1 1 5.580594 
1 1 5.357528 
1 1 7.332545 
1 1 4.408188 
5 6 11.763046 
1 1 5.647409 
1 1 5.620777 
2 3 16.165171 
0 0 7.374603 
4 5 5.532025 
4 5 5.448726 
0 0 8.290392 
0 0 5.527210 
0 0 13.964463 
1 1 10.128872 
1 1 5.421184 
3 4 3.309356 
0 0 21.523782 
0 0 4.313772 
1 1 4.337590 
1 1 3.858469 
2 3 30.266276 
2 3 4.070692 
1 1 5.145869 
1 1 4.289252 
1 1 4.610063 
1 1 4.374428 
1 1 5.914670 
0 0 8.565366 
0 0 4.956046 
0 0 6.743726 
2 3 8.577542 
0 0 6.539095 
0 0 6.365731 
2 3 8.253900 
0 0 5.353558 
0 0 9.634897 
0 0 4.211449 
0 0 4.028197 
0 0 4.597843 
0 0 8.710640 
1 1 3.223123 
1 1 3.936963 
0 0 5.105230 
0 0 5.136739 
3 4 1.025095 
1 1 3.211894 
0 0 4.520136 
0 0 5.103722 
1 1 17.225364 
1 1 5.403139 
1 1 5.818705 
1 1 5.422396 
1 1 5.702487 
0 0 5.561907 
0 0 4.574531 
0 0 2.672326 
0 0 5.582629 
0 0 3.951472 
1 1 3.205722 
0 0 4.771339 
0 0 5.667057 
0 0 5.976183 
0 0 5.178495 
0 0 5.172192 
0 0 3.899887 
0 0 3.937239 
0 0 3.971548 
0 0 3.935944 
0 0 5.306135 
1 1 6.458608 
1 1 5.336901 
1 1 5.906813 
1 1 5.881645 
1 1 5.369928 
1 1 5.429179 
1 1 6.136322 
1 1 5.983983 
1 1 5.254227 
1 1 5.341161 
1 1 6.301426 
1 1 5.797024 
1 1 5.216725 
1 1 5.484663 
1 1 1.887443 
3 4 15.020522 
3 4 14.269761 
3 4 16.405916 
3 4 8.184072 
3 4 13.934762 
3 4 27.253451 
1 1 6.028114 
1 1 5.659956 
1 1 8.835601 
1 1 6.855818 
1 1 6.276343 
1 1 6.795885 
1 1 7.834054 
1 1 6.149394 
3 4 3.830889 
1 1 3.660547 
1 1 1.952063 
3 4 32.893504 
3 4 32.043066 
3 4 17.508119 
6 7 19.044604 
3 4 22.897090 
3 4 27.195737 
3 4 24.058389 
0 0 3.988020 
0 0 3.484601 
1 1 2.463776 
1 1 2.180390 
3 4 2.929603 
1 1 7.403088 
1 1 6.434293 
1 1 7.746591 
1 1 2.510529 
1 1 3.394608 
0 0 4.294054 
0 0 5.981706 
0 0 4.182993 
0 0 4.055494 
1 1 2.832465 
5 6 14.921741 
1 1 4.602998 
3 4 14.073946 
0 0 4.225710 
0 0 4.108030 
0 0 2.859689 
3 4 1.419927 
1 1 5.689449 
1 1 5.331041 
1 1 5.870616 
1 1 5.830487 
1 1 5.404724 
1 1 5.622289 
1 1 5.611935 
1 1 5.639977 
1 1 5.347109 
1 1 5.362911 
1 1 5.245969 
1 1 5.636798 
1 1 5.659529 
0 0 4.123458 
1 1 3.521197 
1 1 3.894927 
1 1 6.786939 
1 1 5.391029 
1 1 5.574751 
1 1 5.685074 
1 1 7.407652 
1 1 5.183512 
1 1 5.842160 
1 1 5.979492 
1 1 5.353625 
1 1 5.421754 
1 1 5.952393 
1 1 5.862911 
1 1 5.332068 
1 1 5.286603 
1 1 6.152620 
1 1 6.221360 
1 1 5.395919 
1 1 5.211334 
1 1 5.963851 
1 1 5.195822 
0 0 18.960116 
0 0 15.199284 
2 3 21.752226 
2 3 10.844464 
2 3 29.813042 
2 3 19.788609 
1 1 5.191046 
1 1 5.604560 
1 1 5.553552 
1 1 6.105527 
3 4 4.103934 
1 1 5.740919 
1 1 5.803265 
1 1 5.805667 
0 0 10.294807 
0 0 6.653427 
0 0 5.703791 
2 3 6.230710 
1 1 5.673133 
1 1 5.671793 
1 1 5.900129 
1 1 5.793046 
1 1 5.487073 
1 1 5.292977 
1 1 5.601385 
1 1 5.359891 
1 1 5.789187 
1 1 6.006604 
1 1 6.083464 
1 1 11.084143 
1 1 5.180883 
1 1 5.281121 
1 1 5.190763 
1 1 5.435954 
1 1 5.448548 
1 1 5.840397 
1 1 5.775043 
1 1 5.644897 
1 1 5.570923 
1 1 6.427966 
1 1 5.699199 
1 1 5.641677 
1 1 5.691314 
1 1 5.553504 
1 1 5.827620 
1 1 5.643206 
1 1 5.706411 
3 4 4.190598 
0 0 5.024415 
0 0 15.891811 
1 1 13.485002 
1 1 12.070247 
1 1 5.636570 
1 1 6.752037 
1 1 5.875931 
1 1 8.054544 
1 1 6.343861 
1 1 5.784760 
1 1 6.022154 
1 1 5.943355 
1 1 6.763281 
1 1 6.164289 
1 1 6.185777 
0 0 7.697567 
0 0 9.680224 
0 0 12.066584 
1 1 5.058527 
1 1 3.754172 
0 0 5.033104 
0 0 4.917228 
0 0 4.902819 
1 1 5.578822 
0 0 6.551181 
1 1 4.712395 
0 0 4.793587 
0 0 3.511388 
0 0 5.802769 
0 0 4.159943 
0 0 6.522322 
0 0 6.515857 
0 0 6.528012 
0 0 7.129532 
0 0 10.895609 
0 0 14.170616 
0 0 5.258795 
1 1 5.168503 
1 1 4.729347 
1 1 4.746603 
1 1 4.908257 
1 1 5.174981 
1 1 5.286127 
1 1 5.252360 
1 1 5.283895 
1 1 5.368813 
1 1 4.726940 
0 0 7.400207 
0 0 3.894666 
0 0 5.103989 
0 0 3.564231 
0 0 4.002023 
1 1 2.063650 
1 1 6.669277 
0 0 10.704893 
0 0 18.246383 
0 0 6.708992 
3 4 7.940162 
0 0 7.752489 
1 1 7.273283 
0 0 8.120872 
0 0 8.464410 
0 0 5.156939 
0 0 10.053803 
0 0 3.934828 
0 0 11.276234 
0 0 11.133427 
0 0 8.772613 
1 1 13.838824 
0 0 18.477843 
0 0 6.646274 
0 0 6.692632 
0 0 4.857364 
0 0 6.818765 
0 0 10.093758 
0 0 5.644536 
0 0 6.558286 
0 0 5.465439 
6 7 8.689920 
0 0 10.127333 
6 7 1.828628 
1 1 3.812768 
1 1 3.878425 
1 1 3.832352 
1 1 3.829239 
1 1 3.875081 
1 1 3.841759 
1 1 3.945950 
1 1 3.874173 
1 1 4.828947 
1 1 4.888923 
1 1 4.946670 
1 1 4.860019 
1 1 4.484564 
1 1 5.096599 
0 0 3.520189 
0 0 3.906692 
0 0 3.562470 
0 0 5.384626 
0 0 4.836974 
0 0 4.735271 
1 1 3.828567 
3 4 21.566072 
7 8 20.184637 
5 6 16.991921 
3 4 28.854566 
3 4 18.093302 
3 4 22.815068 
3 4 21.794282 
3 4 15.051644 
3 4 13.879087 
3 4 15.134938 
7 8 21.605059 
1 1 6.541257 
1 1 7.460637 
1 1 7.470443 
1 1 5.749378 
1 1 3.670095 
1 1 6.571290 
1 1 33.604473 
0 0 16.226060 
3 4 10.986660 
3 4 8.029926 
3 4 9.165182 
3 4 8.301685 
3 4 7.159118 
3 4 7.024689 
3 4 7.155103 
3 4 7.187224 
2 3 7.611944 
3 4 10.863058 
1 1 5.987399 
1 1 5.573088 
0 0 5.817334 
0 0 6.167538 
0 0 7.188342 
0 0 7.083781 
0 0 7.178273 
0 0 4.045550 
3 4 7.114575 
1 1 5.161955 
1 1 3.045351 
1 1 3.179136 
0 0 4.695100 
0 0 5.246536 
1 1 2.885754 
1 1 5.023510 
0 0 7.383705 
0 0 7.812831 
0 0 7.048275 
0 0 4.512457 
1 1 4.373586 
1 1 5.445091 
0 0 15.847853 
0 0 13.105800 
0 0 20.294319 
0 0 5.776602 
1 1 5.415602 
1 1 5.975338 
1 1 5.655631 
1 1 5.516085 
1 1 5.549434 
1 1 5.178140 
1 1 5.954952 
0 0 7.248861 
0 0 6.528846 
1 1 4.442755 
1 1 4.708504 
1 1 4.518156 
1 1 3.913321 
1 1 3.925699 
1 1 5.761838 
1 1 5.814373 
0 0 6.448125 
0 0 4.224546 
2 3 16.898881 
0 0 4.949735 
0 0 4.979901 
0 0 5.021262 
0 0 4.042213 
0 0 6.073178 
1 1 2.874673 
1 1 3.398214 
1 1 3.340753 
1 1 2.832013 
1 1 2.880837 
1 1 3.238644 
1 1 5.226953 
1 1 3.234383 
1 1 2.380887 
1 1 5.647209 
1 1 5.319152 
1 1 5.397720 
0 0 9.048268 
0 0 7.893303 
4 5 6.087918 
1 1 4.822503 
1 1 5.525934 
1 1 5.594328 
1 1 5.847090 
3 4 1.883304 
0 0 9.968489 
3 4 5.385781 
3 4 7.834970 
1 1 5.094119 
0 0 5.331850 
0 0 4.951948 
0 0 5.443001 
0 0 4.890983 
0 0 4.958010 
0 0 6.047597 
1 1 10.141835 
3 4 13.454991 
0 0 6.712101 
0 0 5.875777 
0 0 5.366299 
0 0 5.140124 
0 0 4.253584 
0 0 10.164171 
0 0 4.865390 
0 0 5.915508 
0 0 3.029596 
0 0 5.459626 
0 0 6.561158 
0 0 5.311128 
0 0 4.625200 
0 0 6.936126 
0 0 13.047679 
0 0 14.762453 
0 0 14.648463 
0 0 15.156680 
0 0 10.446104 
0 0 11.284528 
0 0 11.533655 
1 1 4.864514 
1 1 5.060525 
1 1 5.634082 
1 1 5.378852 
2 3 28.183184 
0 0 11.301356 
0 0 8.773708 
0 0 8.191810 
0 0 6.233205 
0 0 8.043521 
0 0 8.856756 
0 0 9.922154 
0 0 10.617538 
0 0 9.028296 
0 0 8.761930 
0 0 6.081357 
0 0 5.595022 
1 1 5.602035 
1 1 5.825276 
1 1 5.889891 
1 1 5.471077 
1 1 5.584576 
1 1 6.068380 
1 1 5.990991 
1 1 5.593367 
1 1 5.957778 
1 1 5.364192 
1 1 5.380247 
1 1 5.487581 
1 1 5.218412 
1 1 5.659940 
1 1 5.839790 
1 1 5.714060 
1 1 5.276614 
1 1 5.598932 
1 1 5.681600 
1 1 5.638209 
1 1 5.545389 
1 1 5.479365 
1 1 6.025114 
1 1 5.315248 
1 1 5.807322 
1 1 5.697693 
1 1 5.447110 
1 1 3.209924 
1 1 3.614461 
1 1 3.220125 
1 1 3.432209 
1 1 3.406190 
1 1 3.291450 
1 1 2.971580 
3 4 15.959850 
6 7 20.779880 
3 4 19.217430 
3 4 8.128398 
3 4 8.505970 
3 4 8.445405 
1 1 7.312900 
1 1 6.917777 
1 1 2.771183 
0 0 3.213703 
1 1 4.540567 
3 4 8.438789 
3 4 8.410052 
3 4 8.321942 
3 4 8.382404 
7 8 8.418353 
3 4 8.368663 
1 1 2.631805 
1 1 3.980909 
0 0 4.015150 
0 0 10.703665 
1 1 5.101026 
0 0 6.779112 
1 1 7.313191 
0 0 4.594238 
0 0 4.043326 
0 0 3.812168 
0 0 5.796976 
0 0 3.745964 
0 0 8.345804 
3 4 2.599016 
1 1 11.593874 
1 1 4.586795 
1 1 4.473358 
1 1 2.907249 
1 1 3.354592 
1 1 3.199812 
1 1 4.998934 
1 1 6.660430 
1 1 5.031114 
1 1 4.781239 
1 1 4.645395 
1 1 4.660968 
1 1 4.776991 
1 1 5.266182 
1 1 7.214844 
1 1 6.349035 
1 1 5.001291 
1 1 4.888769 
1 1 4.507991 
1 1 4.696057 
1 1 4.503294 
1 1 4.467069 
0 0 6.259068 
0 0 6.004066 
0 0 4.412935 
0 0 6.363118 
3 4 24.436263 
3 4 34.839652 
4 5 20.689802 
2 3 12.845568 
3 4 14.602443 
3 4 12.195690 
3 4 12.381401 
3 4 13.206362 
0 0 24.592455 
0 0 5.550542 
0 0 5.777981 
3 4 11.416593 
3 4 14.698028 
2 3 21.105536 
6 7 7.311509 
7 8 14.786903 
3 4 12.919311 
1 1 5.614040 
0 0 4.385394 
0 0 5.491484 
0 0 4.363120 
0 0 5.520340 
0 0 7.007303 
1 1 5.780838 
1 1 5.425743 
1 1 5.599314 
1 1 5.481099 
3 4 8.128253 
3 4 8.385945 
0 0 14.751625 
0 0 4.161083 
1 1 3.544075 
0 0 4.248007 
0 0 5.385200 
0 0 8.265166 
0 0 5.529990 
0 0 11.218186 
0 0 4.397829 
0 0 4.552919 
0 0 4.381645 
0 0 4.869819 
0 0 5.943176 
0 0 5.788336 
0 0 4.764666 
0 0 11.216047 
7 8 32.390508 
0 0 14.483905 
0 0 17.593030 
1 1 3.640942 
2 3 33.991105 
0 0 13.434127 
0 0 14.180735 
0 0 9.477511 
0 0 4.858249 
0 0 10.614226 
0 0 6.462399 
0 0 6.524391 
2 3 17.546293 
1 1 5.558867 
1 1 5.082602 
1 1 4.636237 
0 0 3.129591 
0 0 6.077497 
0 0 4.893293 
0 0 5.175278 
0 0 5.503414 
4 5 1.909674 
1 1 2.928912 
0 0 4.398313 
0 0 5.274929 
1 1 5.017458 
0 0 11.028429 
0 0 18.757536 
1 1 5.290372 
1 1 4.444008 
1 1 3.739082 
1 1 3.649216 
1 1 4.818596 
7 8 10.592690 
0 0 5.631147 
0 0 5.587532 
0 0 6.625947 
0 0 4.270609 
0 0 5.311383 
0 0 4.945237 
0 0 10.005804 
0 0 14.167273 
0 0 7.928959 
0 0 5.711080 
0 0 3.101085 
1 1 3.607578 
0 0 3.728297 
0 0 12.879864 
3 4 27.475584 
0 0 6.544531 
0 0 4.155370 
4 5 14.231255 
0 0 5.635003 
6 7 5.710870 
0 0 5.105355 
0 0 5.172082 
1 1 3.574944 
0 0 5.544614 
3 4 3.193815 
3 4 15.254011 
3 4 14.534115 
3 4 8.362069 
3 4 10.129992 
3 4 11.193344 
1 1 3.920194 
3 4 21.319885 
3 4 9.145392 
1 1 11.100761 
3 4 15.856642 
3 4 18.790363 
3 4 22.095394 
3 4 9.853771 
3 4 10.702529 
3 4 13.398779 
0 0 17.915078 
0 0 12.965376 
0 0 12.162763 
0 0 11.277568 
0 0 13.833805 
0 0 10.412919 
0 0 16.262441 
2 3 9.108327 
0 0 7.766111 
0 0 5.334175 
0 0 6.288462 
3 4 8.917401 
0 0 8.666909 
0 0 4.053892 
6 7 6.217508 
0 0 3.933187 
1 1 3.858338 
0 0 6.597217 
0 0 6.509487 
0 0 5.437867 
0 0 4.468129 
0 0 5.466435 
0 0 5.764283 
0 0 7.622370 
0 0 5.717727 
0 0 5.636065 
0 0 5.756316 
0 0 5.295821 
0 0 5.775168 
0 0 4.641910 
0 0 5.102624 
0 0 5.369909 
0 0 4.920237 
0 0 5.173132 
0 0 5.331629 
0 0 5.883669 
1 1 3.719766 
0 0 5.440310 
1 1 4.201962 
0 0 3.388372 
0 0 4.319204 
0 0 18.486222 
0 0 4.465124 
0 0 4.447734 
1 1 5.372397 
1 1 5.378123 
1 1 5.798490 
1 1 3.984260 
1 1 3.808304 
1 1 4.012131 
1 1 4.018402 
1 1 4.059718 
1 1 3.576232 
1 1 3.620854 
1 1 3.874630 
1 1 3.856758 
0 0 7.691527 
0 0 5.737870 
0 0 4.683690 
0 0 7.837841 
0 0 6.923666 
0 0 4.984444 
0 0 4.751186 
0 0 3.902243 
0 0 4.746942 
0 0 4.337850 
0 0 5.918893 
0 0 6.941023 
0 0 4.797521 
1 1 5.807353 
1 1 5.647234 
0 0 9.446797 
0 0 6.943615 
1 1 5.157110 
0 0 6.211775 
0 0 7.511845 
0 0 2.972840 
0 0 8.541602 
0 0 4.795560 
0 0 9.999144 
0 0 9.783404 
0 0 5.460336 
0 0 4.638114 
0 0 5.652936 
0 0 8.188645 
0 0 4.977029 
0 0 6.135018 
0 0 16.135056 
0 0 5.289500 
0 0 11.289868 
1 1 3.445623 
1 1 3.396638 
1 1 3.185974 
1 1 3.618820 
3 4 12.418676 
3 4 12.817939 
3 4 17.303109 
0 0 10.156991 
3 4 15.117127 
0 0 5.296800 
0 0 6.098511 
0 0 6.016199 
0 0 13.968013 
0 0 5.446583 
0 0 9.946766 
0 0 10.728363 
0 0 6.083149 
0 0 13.088440 
0 0 3.892469 
1 1 3.855873 
0 0 6.487217 
0 0 5.791546 
0 0 3.663290 
0 0 4.138129 
0 0 6.052079 
0 0 5.070271 
1 1 4.335704 
1 1 24.681656 
0 0 4.603846 
0 0 4.224606 
0 0 3.883455 
6 7 3.999174 
0 0 13.487394 
0 0 16.124273 
0 0 4.696038 
0 0 10.522152 
0 0 3.658838 
0 0 3.339772 
0 0 3.914366 
0 0 6.083006 
2 3 23.091776 
0 0 13.954694 
1 1 4.926048 
0 0 15.545327 
1 1 20.354029 
0 0 4.999487 
0 0 4.938923 
0 0 4.641806 
0 0 4.366793 
0 0 5.429441 
0 0 4.861809 
0 0 5.548351 
0 0 4.037496 
1 1 3.656440 
1 1 5.486821 
5 6 23.363529 
1 1 5.467249 
1 1 5.793703 
1 1 5.714315 
1 1 5.463681 
1 1 5.474399 
1 1 5.860726 
1 1 5.896072 
1 1 5.347624 
1 1 5.607489 
1 1 5.983014 
1 1 5.606913 
1 1 5.257679 
1 1 5.520855 
1 1 5.460798 
1 1 5.724549 
1 1 5.512923 
1 1 5.686087 
1 1 5.582605 
1 1 5.555175 
1 1 5.700867 
1 1 5.593797 
0 0 4.369653 
0 0 5.658945 
0 0 5.616094 
0 0 4.990876 
0 0 11.396261 
2 3 32.942192 
1 1 3.719776 
0 0 15.065486 
0 0 10.290494 
1 1 4.724939 
0 0 4.344334 
0 0 4.420551 
0 0 7.977683 
0 0 5.832172 
0 0 4.718032 
0 0 4.468058 
1 1 3.086166 
1 1 3.343691 
1 1 2.923886 
1 1 3.420275 
1 1 3.286798 
1 1 3.595064 
1 1 4.178941 
1 1 4.340934 
0 0 4.658951 
0 0 4.310692 
1 1 6.108959 
1 1 4.399247 
0 0 4.730132 
1 1 2.544305 
0 0 12.158426 
0 0 5.953547 
1 1 8.535511 
1 1 4.164135 
1 1 4.293132 
1 1 4.792055 
1 1 4.023364 
1 1 3.404218 
1 1 2.653141 
1 1 3.699050 
0 0 4.218079 
0 0 5.641057 
2 3 16.396796 
0 0 4.361455 
0 0 4.483894 
0 0 4.588536 
0 0 4.454434 
0 0 4.479924 
1 1 5.696311 
1 1 5.379518 
1 1 5.673585 
1 1 5.483967 
1 1 5.483470 
1 1 5.902080 
1 1 5.720856 
1 1 5.654984 
1 1 5.652602 
1 1 5.503506 
1 1 5.859842 
1 1 5.306725 
1 1 2.547513 
0 0 3.397128 
1 1 3.734066 
1 1 2.716497 
1 1 3.857788 
0 0 2.550144 
1 1 4.651013 
1 1 4.004422 
0 0 4.516099 
0 0 4.365749 
0 0 5.747076 
0 0 5.369024 
0 0 6.846659 
1 1 3.469336 
0 0 3.730735 
0 0 1.915728 
0 0 5.725563 
0 0 5.911547 
0 0 4.441716 
0 0 4.917529 
1 1 4.080075 
0 0 4.436171 
0 0 4.003259 
0 0 4.158189 
0 0 5.545747 
0 0 3.659501 
0 0 3.154527 
0 0 5.980572 
0 0 5.592882 
0 0 6.008867 
0 0 6.151859 
0 0 6.136883 
0 0 5.802848 
0 0 4.307048 
3 4 7.310707 
3 4 7.251576 
3 4 7.208458 
3 4 7.424210 
3 4 8.940169 
3 4 7.167718 
3 4 7.338274 
3 4 11.374501 
3 4 7.469654 
3 4 8.322648 
3 4 15.405372 
0 0 9.254306 
1 1 4.470355 
1 1 5.781800 
1 1 4.203360 
1 1 4.107737 
1 1 4.139609 
0 0 4.283836 
0 0 2.670327 
0 0 7.376770 
1 1 4.282384 
1 1 4.058023 
0 0 2.903166 
1 1 4.661371 
0 0 5.294127 
0 0 5.487267 
0 0 5.506397 
0 0 5.354909 
0 0 5.143852 
0 0 5.770617 
0 0 4.590382 
1 1 6.271167 
1 1 5.179952 
3 4 9.313386 
1 1 28.283286 
0 0 6.712468 
0 0 8.633063 
0 0 7.596104 
0 0 7.048412 
0 0 5.875555 
0 0 5.250865 
0 0 5.229331 
0 0 3.753824 
0 0 7.073708 
0 0 4.507852 
0 0 6.774653 
0 0 5.863432 
0 0 3.112840 
1 1 5.454663 
0 0 5.588741 
0 0 4.802090 
0 0 5.005024 
0 0 4.429555 
0 0 4.059611 
0 0 4.369000 
0 0 7.074043 
0 0 6.149610 
0 0 5.058351 
6 7 9.805563 
0 0 5.045340 
0 0 7.678003 
0 0 7.960682 
0 0 2.712141 
1 1 4.342318 
1 1 4.506348 
1 1 4.771264 
0 0 5.775678 
0 0 4.744651 
1 1 3.862467 
1 1 4.188261 
1 1 3.594003 
0 0 4.172130 
1 1 3.768917 
1 1 4.008354 
1 1 4.130689 
1 1 3.782071 
1 1 4.101260 
0 0 6.568244 
3 4 7.618569 
3 4 7.823965 
3 4 7.684880 
3 4 7.625165 
0 0 13.837211 
1 1 14.933153 
0 0 3.513038 
0 0 8.650460 
0 0 6.963540 
0 0 6.736981 
0 0 6.660614 
0 0 3.453723 
0 0 5.640172 
0 0 3.533802 
0 0 4.039042 
0 0 6.971880 
1 1 3.077072 
1 1 3.528708 
1 1 6.288916 
1 1 2.576807 
1 1 2.571259 
1 1 3.257758 
1 1 4.814571 
1 1 4.443839 
0 0 4.009424 
1 1 3.523021 
0 0 21.255680 
1 1 13.543145 
0 0 4.199810 
0 0 3.922534 
0 0 8.104769 
1 1 5.808727 
1 1 6.145667 
0 0 7.772022 
0 0 9.687640 
1 1 5.607834 
0 0 4.290273 
1 1 5.599177 
1 1 5.486229 
1 1 5.492276 
1 1 5.664351 
1 1 5.426133 
1 1 5.490222 
1 1 5.274678 
1 1 5.283090 
1 1 5.311033 
1 1 5.444129 
1 1 5.498876 
1 1 5.493702 
1 1 5.774406 
1 1 5.707337 
0 0 10.045937 
0 0 10.344437 
0 0 3.966013 
0 0 3.839710 
0 0 15.504359 
0 0 12.470546 
0 0 13.164895 
0 0 15.121045 
0 0 13.699060 
0 0 2.753751 
0 0 5.308714 
0 0 5.058437 
0 0 4.294522 
0 0 3.459505 
1 1 3.175132 
0 0 3.612086 
1 1 4.560721 
0 0 4.993265 
0 0 6.830483 
0 0 9.429369 
0 0 5.169472 
0 0 6.784807 
0 0 3.739881 
7 8 2.892988 
0 0 4.309321 
0 0 2.187463 
0 0 4.164221 
1 1 1.967829 
0 0 4.536794 
0 0 4.312314 
0 0 7.924783 
0 0 4.457431 
0 0 4.029616 
1 1 3.347060 
0 0 3.542498 
2 3 15.584156 
1 1 4.385474 
1 1 2.038463 
0 0 5.139430 
1 1 3.113764 
1 1 3.176545 
1 1 3.094667 
1 1 3.117088 
1 1 3.114324 
1 1 3.464901 
0 0 7.021189 
0 0 4.033806 
0 0 6.768722 
0 0 4.846706 
0 0 23.196170 
0 0 7.915284 
0 0 4.564666 
0 0 4.575714 
0 0 4.529208 
0 0 4.497010 
0 0 5.072815 
0 0 4.947529 
0 0 5.090529 
0 0 9.351723 
0 0 12.420149 
0 0 7.309865 
3 4 9.074517 
3 4 6.459968 
3 4 14.132955 
0 0 10.300350 
1 1 3.813425 
1 1 3.369134 
1 1 4.460971 
0 0 10.222764 
1 1 6.218540 
1 1 4.386664 
1 1 3.737756 
3 4 22.139789 
3 4 8.685983 
3 4 7.176236 
3 4 6.907917 
3 4 7.327479 
3 4 6.875940 
3 4 7.451276 
3 4 7.782863 
0 0 2.967596 
1 1 5.283468 
0 0 4.333044 
0 0 5.179495 
0 0 3.669231 
0 0 4.797166 
3 4 10.534809 
1 1 3.330978 
3 4 15.786225 
3 4 14.952930 
0 0 13.135511 
3 4 12.992241 
3 4 12.308622 
3 4 13.571322 
7 8 12.008107 
3 4 11.445536 
3 4 12.575882 
3 4 12.114200 
3 4 12.852118 
3 4 11.971171 
3 4 11.115268 
2 3 11.153552 
3 4 9.837741 
3 4 10.675907 
3 4 10.311818 
0 0 8.377536 
1 1 6.429024 
1 1 1.802291 
1 1 1.970819 
1 1 3.474531 
1 1 4.673450 
0 0 4.170861 
1 1 4.462808 
7 8 11.568225 
7 8 11.480103 
3 4 11.003793 
3 4 10.621664 
3 4 11.184392 
3 4 12.639385 
3 4 12.658777 
0 0 12.129053 
0 0 5.026072 
0 0 5.358326 
0 0 4.904194 
1 1 4.142647 
0 0 10.080190 
0 0 4.226154 
0 0 8.103733 
0 0 4.405710 
0 0 5.669016 
1 1 3.722888 
1 1 3.771072 
0 0 5.483078 
6 7 6.368615 
0 0 4.444526 
1 1 4.784548 
0 0 4.495662 
0 0 4.785134 
0 0 4.641340 
0 0 4.201386 
0 0 8.086932 
0 0 8.699532 
0 0 23.599727 
0 0 16.974975 
3 4 11.899029 
0 0 9.585590 
0 0 9.511895 
0 0 6.673517 
0 0 4.524455 
0 0 3.872348 
0 0 3.893153 
0 0 3.750246 
0 0 3.852696 
0 0 3.883608 
0 0 4.583469 
0 0 7.080817 
0 0 4.599833 
0 0 4.761044 
0 0 10.834408 
1 1 4.992337 
3 4 22.411134 
0 0 15.585092 
0 0 8.004065 
0 0 3.566350 
2 3 21.722927 
0 0 5.194409 
0 0 5.435680 
0 0 6.007162 
0 0 5.535821 
0 0 5.529062 
0 0 5.765972 
1 1 3.452843 
1 1 5.390187 
5 6 6.550163 
1 1 9.878488 
1 1 13.558633 
0 0 7.382641 
1 1 5.202663 
0 0 11.080321 
0 0 6.846121 
0 0 5.433365 
0 0 9.714317 
0 0 7.535724 
0 0 19.416166 
0 0 18.579388 
1 1 13.824491 
3 4 9.413144 
0 0 8.083607 
0 0 16.792685 
0 0 20.531311 
2 3 25.921586 
1 1 2.680366 
1 1 3.350253 
6 7 8.496601 
0 0 3.758821 
3 4 13.807144 
4 5 16.338844 
3 4 24.738568 
3 4 13.903557 
3 4 13.741690 
3 4 13.227482 
3 4 14.836195 
1 1 4.239338 
0 0 13.914007 
0 0 10.069891 
0 0 5.050630 
0 0 5.267988 
0 0 5.290313 
0 0 5.270123 
0 0 3.740756 
3 4 9.569548 
0 0 11.949282 
1 1 2.585365 
0 0 7.426277 
0 0 5.770440 
0 0 5.945576 
0 0 9.105923 
0 0 9.297937 
0 0 8.014872 
0 0 8.597386 
0 0 6.477286 
0 0 4.961141 
0 0 11.761166 
0 0 6.528262 
0 0 6.063246 
2 3 11.540023 
0 0 5.206723 
5 6 10.422683 
0 0 8.152731 
0 0 5.856134 
0 0 6.441751 
0 0 7.729002 
0 0 3.447734 
0 0 3.885464 
0 0 3.035595 
0 0 4.313554 
1 1 3.229546 
1 1 3.489132 
1 1 2.751897 
1 1 3.701038 
1 1 5.393085 
1 1 5.384299 
1 1 5.115116 
0 0 3.903754 
3 4 4.444890 
1 1 5.130198 
1 1 5.510946 
6 7 17.412734 
3 4 50.911494 
1 1 4.550858 
0 0 9.335923 
0 0 7.514200 
0 0 7.460532 
0 0 16.057863 
0 0 7.667354 
0 0 7.281335 
0 0 5.804742 
0 0 6.797261 
0 0 2.749644 
1 1 2.742168 
0 0 3.251434 
0 0 4.156949 
0 0 4.903507 
0 0 4.459255 
1 1 2.655522 
0 0 3.859568 
1 1 3.140031 
1 1 2.677533 
1 1 8.989851 
0 0 6.177483 
0 0 5.798416 
0 0 8.741733 
0 0 21.720015 
1 1 13.200281 
0 0 3.685418 
0 0 9.101879 
0 0 5.402181 
1 1 1.950050 
6 7 5.246409 
1 1 6.868180 
2 3 12.227480 
0 0 9.374215 
0 0 4.190611 
0 0 10.622424 
1 1 10.855416 
0 0 5.319356 
1 1 4.247401 
0 0 14.887298 
0 0 5.578674 
0 0 7.699018 
0 0 6.282427 
0 0 5.731379 
0 0 6.377217 
0 0 5.799783 
0 0 21.129184 
0 0 8.312016 
0 0 7.333212 
3 4 11.531076 
0 0 14.276137 
0 0 8.562500 
0 0 6.226801 
0 0 10.217817 
1 1 9.822724 
0 0 12.260847 
3 4 9.960527 
0 0 8.456323 
0 0 4.973160 
0 0 4.518316 
0 0 5.997356 
1 1 15.411432 
1 1 5.871836 
3 4 3.747703 
1 1 4.091605 
1 1 4.479804 
3 4 7.053317 
3 4 8.489319 
3 4 9.169269 
3 4 9.625542 
3 4 9.608067 
3 4 12.641061 
3 4 10.705076 
3 4 11.849892 
3 4 10.800449 
3 4 11.136446 
3 4 9.657739 
3 4 12.737571 
3 4 10.116258 
3 4 10.422335 
3 4 10.874179 
3 4 9.734254 
3 4 8.930387 
3 4 8.665364 
1 1 9.720935 
5 6 6.526847 
5 6 8.633913 
0 0 4.399733 
1 1 2.816815 
0 0 4.221281 
0 0 5.945236 
1 1 3.318640 
0 0 4.215067 
1 1 6.226631 
0 0 4.977475 
1 1 4.014792 
3 4 18.924244 
3 4 16.620308 
3 4 17.034539 
3 4 21.228187 
3 4 23.840112 
0 0 14.667642 
1 1 3.418360 
2 3 11.568959 
0 0 4.659625 
0 0 5.737695 
0 0 4.670532 
0 0 9.682499 
0 0 7.859754 
0 0 5.384301 
0 0 4.480953 
0 0 5.400195 
0 0 11.741209 
0 0 3.015394 
0 0 4.427693 
0 0 6.090697 
0 0 4.449144 
0 0 7.738877 
0 0 5.355524 
0 0 3.696907 
0 0 7.673773 
0 0 5.508367 
0 0 4.816740 
3 4 8.566621 
3 4 9.022086 
3 4 9.291481 
3 4 9.200643 
3 4 9.451883 
3 4 9.791817 
3 4 9.710310 
3 4 9.440685 
3 4 9.546582 
3 4 9.619744 
3 4 9.409508 
3 4 9.271573 
3 4 9.539355 
3 4 9.174047 
3 4 10.420853 
3 4 10.770901 
3 4 10.676879 
3 4 10.861603 
3 4 7.764380 
3 4 39.768888 
1 1 3.417486 
3 4 7.903284 
0 0 5.867815 
7 8 16.941864 
0 0 6.733484 
0 0 3.016295 
2 3 13.529149 
1 1 6.161866 
0 0 4.771577 
0 0 6.329446 
1 1 4.105709 
1 1 5.216630 
1 1 4.836952 
1 1 4.456515 
3 4 1.262678 
1 1 15.645608 
0 0 5.183959 
0 0 6.331223 
0 0 5.936457 
0 0 3.494593 
0 0 5.396268 
0 0 6.060656 
3 4 5.057818 
0 0 8.121973 
1 1 4.178183 
1 1 4.841757 
0 0 8.421820 
0 0 8.819550 
0 0 5.590048 
3 4 39.623202 
3 4 21.524032 
3 4 10.284555 
3 4 11.164464 
7 8 21.505641 
0 0 18.492635 
5 6 13.075252 
3 4 12.461073 
3 4 35.048868 
3 4 23.402308 
0 0 2.160882 
6 7 4.433297 
0 0 4.686631 
1 1 4.438157 
0 0 4.849668 
0 0 4.091664 
0 0 4.657600 
0 0 4.753058 
0 0 4.739416 
0 0 4.234759 
0 0 4.725819 
0 0 14.689089 
0 0 14.052813 
0 0 28.630920 
1 1 2.739379 
0 0 8.809217 
1 1 5.339087 
0 0 6.978031 
0 0 5.593863 
0 0 5.876814 
0 0 5.038050 
1 1 8.171249 
0 0 8.344901 
0 0 4.995596 
3 4 10.743793 
3 4 9.369460 
3 4 9.653880 
3 4 9.801646 
3 4 17.333811 
4 5 35.317557 
0 0 21.349163 
6 7 14.199024 
0 0 16.735351 
2 3 32.332816 
0 0 6.146154 
0 0 4.459975 
3 4 16.677185 
0 0 19.145215 
0 0 12.400028 
1 1 29.279349 
2 3 13.021086 
2 3 42.599755 
0 0 7.038232 
0 0 8.239977 
0 0 11.605033 
1 1 4.087769 
0 0 4.093568 
1 1 2.146931 
3 4 9.385158 
3 4 9.174952 
3 4 6.345169 
3 4 6.639352 
3 4 9.768395 
3 4 9.907801 
3 4 12.262837 
3 4 9.647920 
3 4 10.637822 
3 4 11.091526 
3 4 10.611316 
0 0 5.671172 
1 1 4.065572 
0 0 8.370647 
0 0 6.978941 
0 0 5.132547 
4 5 2.656380 
2 3 55.405398 
5 6 38.622082 
0 0 33.079623 
0 0 8.159645 
0 0 6.085180 
0 0 7.022504 
0 0 4.168987 
0 0 2.506057 
0 0 4.022454 
0 0 4.485579 
0 0 4.216192 
0 0 3.719585 
0 0 3.462461 
3 4 7.271396 
3 4 7.385729 
3 4 8.433241 
3 4 7.375067 
3 4 7.830447 
3 4 7.805114 
3 4 7.818657 
3 4 7.910698 
3 4 7.590845 
3 4 30.751818 
3 4 32.368025 
3 4 10.360822 
3 4 9.052321 
3 4 7.943157 
0 0 6.331822 
0 0 4.326121 
7 8 2.655871 
1 1 12.505499 
0 0 23.387696 
1 1 13.696320 
1 1 8.768065 
0 0 13.770246 
0 0 10.537920 
1 1 8.736053 
2 3 11.092456 
0 0 5.793143 
0 0 5.639500 
0 0 8.701005 
0 0 12.240018 
0 0 9.905186 
2 3 13.346425 
0 0 22.497113 
0 0 10.509618 
2 3 30.729019 
1 1 12.382579 
0 0 10.808687 
0 0 6.228165 
0 0 3.353838 
0 0 3.093859 
0 0 3.484263 
0 0 16.654280 
1 1 12.017841 
1 1 11.421070 
1 1 10.533053 
3 4 11.280168 
3 4 11.320608 
3 4 12.003188 
3 4 14.405101 
3 4 32.399903 
0 0 13.345350 
0 0 7.019681 
0 0 6.138136 
0 0 9.765602 
0 0 11.481962 
0 0 9.694165 
0 0 6.366897 
0 0 5.142258 
1 1 5.190941 
0 0 5.612524 
0 0 3.998218 
1 1 4.419181 
0 0 3.201026 
0 0 3.596884 
0 0 5.183820 
2 3 12.922339 
1 1 5.957914 
0 0 9.714697 
0 0 8.681508 
0 0 7.128711 
0 0 6.947949 
1 1 6.392522 
1 1 4.243325 
0 0 3.697691 
0 0 3.245153 
0 0 4.683110 
0 0 4.900538 
0 0 7.291098 
0 0 2.736312 
0 0 4.522120 
2 3 20.280770 
0 0 5.942651 
1 1 3.959073 
1 1 4.607378 
1 1 7.235350 
1 1 5.560006 
0 0 4.423950 
1 1 4.029493 
3 4 26.218709 
3 4 17.805491 
1 1 5.389767 
0 0 3.651665 
1 1 2.935842 
0 0 4.273732 
0 0 3.644628 
0 0 3.804075 
1 1 14.588329 
3 4 1.495605 
3 4 11.537760 
3 4 10.812331 
3 4 12.003379 
3 4 13.975012 
3 4 15.007179 
3 4 14.789774 
3 4 15.716479 
3 4 25.897168 
1 1 2.568652 
0 0 7.569839 
1 1 8.420576 
0 0 3.044912 
0 0 5.864254 
0 0 5.014272 
2 3 16.345178 
0 0 4.556072 
0 0 4.571213 
0 0 4.877532 
0 0 3.634004 
2 3 8.877880 
2 3 13.731593 
2 3 24.779612 
2 3 17.002062 
0 0 6.098925 
1 1 5.454028 
1 1 5.593649 
1 1 5.371742 
1 1 5.366410 
1 1 5.639402 
1 1 5.478976 
1 1 5.573101 
1 1 5.349312 
1 1 5.261747 
1 1 5.162446 
1 1 5.097710 
1 1 5.214436 
1 1 5.447191 
1 1 5.375377 
1 1 5.413094 
1 1 4.508364 
3 4 6.468300 
1 1 3.458208 
0 0 35.215964 
1 1 3.011837 
0 0 4.351554 
1 1 4.760155 
0 0 3.732373 
0 0 3.735038 
0 0 2.935818 
0 0 6.592307 
0 0 4.105082 
0 0 3.684156 
0 0 12.032185 
0 0 5.373802 
0 0 5.090377 
0 0 13.331217 
0 0 11.084014 
0 0 13.617746 
0 0 7.370288 
2 3 16.195914 
2 3 14.824692 
0 0 4.827772 
0 0 5.480163 
0 0 6.092248 
0 0 3.814919 
0 0 3.697617 
3 4 23.683899 
3 4 37.169073 
3 4 11.463585 
3 4 10.912102 
3 4 11.450712 
3 4 10.316947 
1 1 2.416643 
3 4 4.170614 
1 1 5.210268 
3 4 4.087133 
1 1 3.119929 
0 0 3.968286 
0 0 3.907120 
0 0 3.959248 
0 0 3.906834 
0 0 3.961453 
1 1 2.992933 
0 0 3.826345 
0 0 4.146450 
0 0 4.105039 
0 0 4.109376 
0 0 3.911752 
0 0 5.247187 
0 0 5.340759 
0 0 5.995973 
0 0 7.112744 
0 0 7.088561 
3 4 16.922538 
3 4 14.200995 
3 4 13.713326 
3 4 11.847571 
3 4 12.861164 
3 4 14.288934 
3 4 15.094390 
3 4 7.229731 
3 4 12.786180 
3 4 14.639819 
3 4 34.611587 
3 4 16.161092 
3 4 13.920392 
3 4 4.847911 
3 4 5.198081 
0 0 5.550284 
0 0 4.709616 
3 4 4.910277 
0 0 9.267479 
0 0 4.113440 
0 0 3.919762 
0 0 5.360569 
0 0 4.645221 
0 0 6.052902 
0 0 5.659512 
3 4 1.216856 
1 1 4.192676 
1 1 3.864458 
1 1 3.843201 
1 1 3.052500 
1 1 2.982554 
0 0 11.786665 
0 0 4.267075 
0 0 5.813516 
1 1 5.179696 
3 4 13.926769 
3 4 13.885434 
7 8 14.714303 
3 4 11.660344 
0 0 8.004123 
0 0 6.290621 
0 0 6.300862 
0 0 6.575621 
0 0 4.648351 
0 0 4.487612 
0 0 5.978095 
1 1 4.168508 
1 1 3.675078 
3 4 13.926431 
0 0 6.277398 
0 0 7.765732 
3 4 8.283113 
3 4 9.453399 
3 4 9.061077 
3 4 13.468553 
3 4 33.048821 
3 4 44.790924 
3 4 8.776162 
3 4 32.066311 
0 0 5.836445 
1 1 4.610008 
0 0 5.408061 
1 1 4.261448 
1 1 5.434486 
0 0 4.627974 
0 0 4.599269 
1 1 4.558914 
1 1 3.430486 
1 1 4.160495 
1 1 4.627520 
1 1 5.278978 
1 1 6.002395 
1 1 5.359643 
1 1 5.361668 
1 1 5.512749 
1 1 5.330968 
1 1 6.200642 
2 3 20.534960 
1 1 5.759323 
1 1 5.448502 
1 1 5.644090 
1 1 5.601192 
1 1 5.376302 
3 4 20.311714 
6 7 26.447937 
3 4 9.046952 
3 4 8.177078 
3 4 8.121976 
0 0 4.220086 
0 0 3.495905 
1 1 3.870239 
1 1 4.360171 
1 1 3.421324 
0 0 4.462449 
1 1 2.094038 
3 4 11.104796 
3 4 9.552273 
1 1 5.720731 
1 1 5.271532 
1 1 5.520694 
3 4 3.156527 
1 1 3.361149 
3 4 29.345140 
3 4 19.537374 
3 4 19.059849 
3 4 20.203239 
6 7 11.644769 
1 1 5.682173 
3 4 10.501531 
3 4 9.458186 
3 4 9.249743 
3 4 27.280216 
7 8 27.109519 
3 4 28.013309 
3 4 10.200237 
3 4 21.379055 
3 4 13.703339 
3 4 9.710352 
3 4 9.470163 
3 4 13.980120 
3 4 12.851138 
3 4 12.258833 
1 1 2.081894 
0 0 8.760212 
0 0 4.796771 
0 0 5.461600 
0 0 7.428034 
0 0 7.997176 
0 0 6.357285 
0 0 4.909457 
3 4 8.216966 
3 4 8.743185 
3 4 17.320439 
3 4 26.803986 
3 4 16.744091 
3 4 18.264312 
3 4 20.052281 
3 4 27.623539 
3 4 29.029809 
3 4 32.021487 
3 4 29.136936 
3 4 26.087147 
3 4 27.156373 
3 4 28.836385 
3 4 31.376703 
3 4 33.097446 
3 4 29.995809 
3 4 20.744435 
0 0 5.968825 
0 0 5.517514 
0 0 12.710837 
0 0 6.146501 
0 0 6.683727 
0 0 6.891023 
0 0 6.302143 
0 0 5.115544 
0 0 5.410347 
0 0 4.301286 
0 0 5.568898 
5 6 7.015113 
5 6 16.953422 
0 0 4.986093 
0 0 4.526848 
0 0 6.020845 
0 0 4.309633 
0 0 6.877035 
0 0 6.798427 
0 0 6.460664 
0 0 15.765933 
0 0 12.323181 
0 0 8.959823 
0 0 3.689359 
3 4 16.974195 
2 3 12.909505 
0 0 18.345727 
0 0 4.937773 
1 1 3.127682 
3 4 2.779318 
0 0 3.651800 
0 0 5.063581 
0 0 6.522925 
0 0 5.313755 
0 0 4.120194 
0 0 3.871284 
0 0 4.149005 
0 0 5.014516 
0 0 3.569778 
0 0 3.552171 
1 1 5.664854 
0 0 6.331472 
0 0 6.345044 
0 0 9.038887 
0 0 8.843213 
0 0 8.647967 
0 0 6.853673 
0 0 7.408651 
0 0 5.789910 
0 0 9.607085 
6 7 2.158860 
0 0 7.916299 
1 1 10.243104 
0 0 11.193822 
2 3 8.789818 
0 0 2.010245 
0 0 4.567777 
1 1 2.701100 
0 0 3.694860 
1 1 4.532298 
0 0 4.462484 
1 1 4.632654 
1 1 4.963018 
0 0 10.131152 
0 0 4.322531 
0 0 4.926192 
0 0 9.332401 
0 0 4.644517 
0 0 15.327448 
2 3 13.648183 
0 0 5.513407 
0 0 5.117601 
1 1 6.938547 
1 1 4.005577 
1 1 4.509089 
0 0 8.758592 
1 1 7.215446 
1 1 6.809744 
0 0 5.270044 
0 0 8.153923 
1 1 2.806950 
1 1 4.478538 
0 0 3.819570 
1 1 9.393630 
0 0 3.108656 
4 5 3.498730 
0 0 3.149390 
0 0 5.233089 
0 0 4.265831 
0 0 3.992952 
0 0 4.648470 
0 0 4.865363 
1 1 3.671356 
1 1 3.239729 
1 1 2.196016 
1 1 2.603595 
1 1 2.572763 
1 1 2.913069 
0 0 2.746803 
0 0 3.979528 
0 0 2.493813 
2 3 20.642546 
0 0 5.973152 
0 0 6.089528 
0 0 7.562373 
0 0 7.849573 
0 0 5.987401 
0 0 2.592831 
2 3 16.178026 
0 0 8.483531 
0 0 8.154943 
0 0 5.569911 
0 0 2.902008 
0 0 5.676760 
0 0 6.587709 
0 0 5.610963 
0 0 5.290929 
0 0 7.418442 
0 0 3.220576 
0 0 3.809261 
0 0 7.235871 
0 0 4.521818 
2 3 22.051994 
0 0 5.858205 
7 8 2.081792 
0 0 2.891945 
2 3 7.872513 
0 0 7.123443 
0 0 4.151053 
0 0 6.140734 
0 0 5.862420 
0 0 5.150288 
0 0 3.872041 
0 0 4.617671 
0 0 3.228829 
0 0 3.951079 
0 0 6.273714 
0 0 8.898758 
1 1 2.311563 
0 0 9.799919 
0 0 10.306284 
0 0 5.358939 
0 0 3.800488 
0 0 5.310727 
0 0 6.449481 
0 0 3.960018 
0 0 4.186776 
0 0 3.689244 
0 0 5.074444 
0 0 5.329188 
0 0 3.875063 
0 0 4.645214 
0 0 4.106861 
1 1 4.327565 
0 0 3.583547 
0 0 3.411604 
0 0 2.893912 
0 0 3.275728 
1 1 2.719006 
0 0 4.347037 
0 0 3.838896 
0 0 3.773451 
2 3 5.440165 
0 0 6.363026 
0 0 4.812503 
0 0 4.499866 
0 0 4.883937 
0 0 8.582039 
3 4 10.025152 
1 1 9.814742 
3 4 9.864987 
3 4 11.395675 
3 4 10.153271 
3 4 8.458454 
3 4 8.136280 
3 4 9.089430 
3 4 10.077001 
3 4 10.052506 
3 4 9.163484 
1 1 3.239520 
1 1 1.920083 
1 1 5.051063 
1 1 4.057065 
3 4 6.088711 
1 1 5.433265 
1 1 5.408907 
1 1 7.039330 
0 0 5.678219 
0 0 5.694128 
0 0 4.249347 
0 0 4.451021 
0 0 7.113984 
0 0 4.690571 
0 0 4.357377 
0 0 6.255905 
0 0 3.445461 
0 0 3.919556 
1 1 5.001395 
0 0 4.994336 
0 0 4.198482 
0 0 10.806986 
0 0 5.556418 
0 0 3.901956 
0 0 7.416333 
0 0 3.588762 
1 1 13.204173 
0 0 6.243472 
1 1 9.103051 
0 0 4.096999 
0 0 5.342993 
0 0 5.218517 
0 0 3.823007 
0 0 4.177766 
0 0 4.257039 
1 1 3.703727 
0 0 3.612888 
0 0 4.875013 
0 0 4.936321 
0 0 3.654925 
0 0 4.895184 
0 0 4.081914 
0 0 4.597437 
0 0 4.675478 
1 1 12.479355 
0 0 6.111269 
0 0 5.070019 
0 0 3.225176 
0 0 5.449272 
0 0 3.483929 
0 0 3.153259 
1 1 3.706243 
1 1 3.485941 
1 1 3.860280 
1 1 3.754695 
1 1 3.142667 
1 1 3.144328 
1 1 5.481898 
3 4 6.551503 
3 4 2.973474 
3 4 2.933527 
1 1 3.121812 
1 1 4.824797 
3 4 5.921246 
0 0 3.409141 
0 0 6.275282 
3 4 3.894046 
1 1 3.585684 
1 1 2.525434 
1 1 2.432779 
1 1 2.375251 
3 4 2.409514 
1 1 2.058260 
1 1 1.978639 
3 4 3.178924 
1 1 3.269968 
1 1 3.446071 
0 0 3.476003 
1 1 3.615179 
1 1 3.671060 
3 4 3.187721 
3 4 3.162064 
3 4 6.284472 
3 4 9.689123 
1 1 5.360900 
1 1 7.075909 
3 4 5.394289 
3 4 12.450415 
1 1 13.336082 
1 1 9.157492 
1 1 5.996010 
1 1 9.985578 
1 1 3.149401 
1 1 4.130327 
1 1 2.071707 
3 4 4.570227 
1 1 3.632133 
3 4 2.414503 
1 1 2.464738 
1 1 2.811847 
1 1 3.336995 
3 4 5.817886 
1 1 3.591330 
1 1 3.312114 
1 1 3.471046 
1 1 3.268740 
1 1 2.674762 
3 4 1.885315 
1 1 4.291268 
1 1 6.204103 
1 1 9.555882 
1 1 11.209858 
1 1 3.654831 
1 1 3.323676 
1 1 3.189068 
3 4 3.471441 
2 3 5.368382 
1 1 2.549177 
2 3 2.296328 
5 6 3.436677 
3 4 2.964242 
3 4 1.975387 
1 1 4.998094 
1 1 2.726778 
4 5 3.699247 
1 1 3.875159 
1 1 4.426690 
1 1 3.251271 
1 1 2.972950 
1 1 2.061535 
1 1 10.850181 
1 1 5.794565 
1 1 4.605438 
1 1 6.513701 
1 1 11.633746 
1 1 2.743640 
2 3 3.834980 
1 1 6.071693 
1 1 2.589118 
3 4 3.143455 
1 1 6.649489 
1 1 5.275476 
1 1 3.636274 
1 1 2.839869 
1 1 3.400217 
1 1 4.258286 
1 1 4.765912 
3 4 2.206897 
1 1 5.308373 
1 1 7.503786 
1 1 5.487740 
1 1 15.253702 
1 1 3.743281 
3 4 4.071245 
1 1 5.746250 
3 4 2.367654 
3 4 2.450709 
1 1 12.705322 
1 1 8.190409 
1 1 8.025307 
2 3 19.730185 
3 4 10.312517 
1 1 3.653721 
3 4 3.931333 
1 1 4.356789 
3 4 4.735750 
1 1 5.791186 
3 4 5.513942 
1 1 6.290559 
3 4 10.158506 
3 4 15.129634 
1 1 7.308558 
1 1 7.032146 
1 1 3.428673 
1 1 3.766677 
1 1 3.926005 
1 1 3.870809 
1 1 3.218902 
1 1 4.216079 
1 1 4.691687 
1 1 3.158423 
3 4 5.518031 
1 1 8.910328 
3 4 4.814012 
3 4 3.038629 
3 4 2.548773 
3 4 1.959660 
3 4 11.115290 
1 1 5.243807 
1 1 7.034664 
2 3 3.454404 
1 1 3.392718 
3 4 3.090049 
1 1 13.983699 
1 1 12.204292 
1 1 14.804108 
1 1 32.246391 
1 1 5.557555 
1 1 3.520248 
3 4 3.076540 
1 1 12.865334 
1 1 10.215938 
4 5 4.273443 
1 1 3.806349 
1 1 4.212287 
3 4 1.626741 
1 1 12.543142 
1 1 11.743221 
1 1 1.982995 
3 4 54.290017 
1 1 2.594110 
1 1 2.908310 
3 4 4.515804 
3 4 3.265453 
1 1 2.569805 
1 1 2.817863 
1 1 2.812416 
3 4 2.881762 
1 1 3.813898 
3 4 2.390697 
3 4 2.048187 
1 1 3.501040 
0 0 5.160048 
3 4 5.669311 
3 4 2.669859 
1 1 4.485720 
3 4 2.844214 
1 1 4.736630 
1 1 3.240078 
1 1 3.504237 
1 1 5.004589 
1 1 1.986147 
3 4 2.416980 
1 1 3.232384 
1 1 3.068306 
1 1 2.113639 
1 1 3.162023 
1 1 2.062532 
1 1 13.001430 
3 4 2.627129 
1 1 3.295975 
1 1 8.331814 
1 1 14.227688 
1 1 5.429483 
1 1 3.563226 
3 4 3.544069 
1 1 7.385056 
1 1 3.796584 
1 1 3.018577 
1 1 3.011642 
1 1 3.451679 
3 4 4.880397 
1 1 5.770765 
3 4 5.990029 
1 1 9.511354 
1 1 3.806002 
1 1 3.280829 
3 4 2.002709 
1 1 5.883403 
3 4 1.600784 
1 1 10.614466 
1 1 12.573376 
1 1 3.020638 
1 1 3.553627 
1 1 3.327661 
1 1 2.895205 
1 1 3.497772 
3 4 2.789967 
1 1 7.819271 
5 6 6.033576 
3 4 72.533770 
5 6 57.348041 
1 1 5.534672 
1 1 8.997711 
5 6 4.975190 
2 3 8.656952 
2 3 3.134293 
3 4 3.146035 
3 4 4.128460 
3 4 3.613753 
1 1 5.126383 
1 1 5.016560 
3 4 10.510366 
1 1 10.525221 
1 1 3.936221 
1 1 3.008524 
1 1 7.958613 
1 1 6.286184 
1 1 4.972777 
3 4 4.058574 
3 4 4.240312 
1 1 6.896627 
3 4 21.832813 
1 1 27.392310 
3 4 9.057892 
1 1 2.704566 
1 1 4.191538 
1 1 4.157947 
1 1 3.567239 
1 1 2.655217 
3 4 1.951988 
1 1 3.325755 
3 4 8.402347 
1 1 3.327510 
3 4 3.295249 
1 1 6.236531 
1 1 5.048877 
3 4 3.381969 
1 1 4.899837 
3 4 2.233363 
3 4 13.344109 
1 1 11.337599 
1 1 11.942909 
1 1 4.406549 
1 1 4.836532 
3 4 4.721415 
1 1 5.725760 
1 1 2.648105 
1 1 3.337870 
1 1 2.783816 
1 1 2.371818 
1 1 4.689849 
1 1 5.147607 
1 1 3.170430 
1 1 3.620866 
1 1 3.952812 
1 1 3.497029 
1 1 2.912842 
3 4 4.036596 
3 4 3.323871 
1 1 1.582739 
1 1 6.058709 
1 1 5.409875 
1 1 5.463274 
5 6 7.360351 
2 3 6.535300 
1 1 2.350412 
1 1 3.068693 
1 1 2.446976 
1 1 2.904192 
1 1 2.812525 
1 1 2.992947 
1 1 3.557867 
2 3 3.880506 
1 1 2.753711 
1 1 3.773696 
1 1 2.694700 
1 1 3.576860 
3 4 3.206299 
1 1 3.067498 
1 1 3.254375 
1 1 4.433230 
1 1 3.435491 
1 1 2.706347 
1 1 3.680203 
4 5 7.787546 
3 4 4.376865 
1 1 2.768465 
1 1 3.704262 
1 1 3.898998 
1 1 3.533829 
1 1 5.506344 
1 1 3.873794 
1 1 4.577075 
0 0 12.615639 
0 0 3.633601 
0 0 3.744920 
0 0 3.875567 
4 5 3.959818 
3 4 2.661775 
1 1 2.254179 
1 1 4.152021 
1 1 5.606598 
1 1 5.061131 
1 1 3.935791 
1 1 2.869420 
5 6 6.192143 
0 0 5.206511 
0 0 4.134106 
0 0 4.407454 
1 1 10.419059 
1 1 5.413290 
0 0 6.982649 
0 0 6.362747 
1 1 11.548053 
1 1 2.927716 
1 1 5.350752 
1 1 3.892965 
1 1 4.058304 
0 0 8.984929 
1 1 2.448506 
4 5 4.169103 
1 1 5.552929 
1 1 5.380435 
1 1 11.060463 
0 0 10.174061 
1 1 5.102946 
0 0 2.786376 
1 1 3.918081 
1 1 3.462715 
1 1 3.606086 
1 1 3.760039 
1 1 5.923052 
1 1 5.334563 
1 1 4.905007 
1 1 5.118277 
1 1 5.515561 
1 1 5.529194 
1 1 5.463002 
1 1 5.438207 
1 1 6.261792 
1 1 6.475793 
1 1 6.638826 
1 1 5.576355 
1 1 4.747365 
1 1 10.714443 
1 1 4.567544 
0 0 5.969695 
0 0 4.418008 
1 1 16.794179 
0 0 14.271325 
0 0 17.039332 
1 1 2.544287 
4 5 2.949671 
1 1 3.262112 
0 0 31.547095 
0 0 24.668750 
0 0 9.559649 
0 0 10.613399 
3 4 117.526766 
0 0 6.012052 
0 0 5.757280 
0 0 4.401387 
0 0 8.150224 
5 6 13.418444 
0 0 6.439041 
1 1 8.434954 
1 1 5.706478 
1 1 7.106689 
1 1 5.352115 
0 0 18.010826 
0 0 9.290742 
0 0 6.015136 
0 0 4.899805 
0 0 4.339472 
0 0 5.860124 
4 5 4.329738 
0 0 5.055732 
1 1 3.652081 
0 0 6.425710 
0 0 8.908937 
0 0 14.074709 
0 0 22.311917 
0 0 4.030696 
1 1 4.440280 
0 0 6.495782 
1 1 6.309598 
1 1 7.928663 
1 1 7.484564 
1 1 3.503696 
1 1 13.271907 
2 3 8.646007 
1 1 14.026437 
1 1 4.373497 
1 1 4.106048 
1 1 3.260112 
1 1 14.096421 
1 1 11.827202 
0 0 7.527641 
0 0 25.469337 
1 1 5.211810 
1 1 4.485314 
1 1 4.570962 
1 1 5.561471 
1 1 4.163406 
1 1 3.671708 
1 1 4.770872 
1 1 3.667897 
1 1 3.510689 
1 1 3.535469 
1 1 4.401801 
1 1 6.774507 
1 1 29.115809 
1 1 8.636324 
1 1 9.064440 
1 1 8.131477 
1 1 7.992551 
0 0 4.707888 
1 1 7.593844 
1 1 17.093003 
1 1 2.992874 
1 1 3.548430 
0 0 3.696247 
4 5 4.781136 
3 4 10.005926 
3 4 11.055604 
0 0 9.015591 
1 1 12.970618 
0 0 15.391678 
0 0 10.606355 
3 4 12.908795 
1 1 12.488570 
1 1 3.734364 
3 4 6.991321 
3 4 6.995701 
1 1 8.787258 
2 3 30.267796 
5 6 17.652892 
0 0 3.660482 
0 0 19.121175 
1 1 13.682983 
0 0 6.735582 
1 1 6.927809 
2 3 23.181144 
1 1 4.186109 
2 3 86.153029 
1 1 4.749276 
1 1 5.240196 
0 0 12.373599 
0 0 4.582961 
1 1 3.823619 
0 0 16.258637 
1 1 7.310029 
1 1 3.870204 
1 1 36.820830 
0 0 21.057362 
0 0 13.548409 
3 4 11.440223 
0 0 8.254997 
0 0 8.517977 
0 0 6.822534 
1 1 12.751662 
0 0 4.115012 
0 0 10.620274 
1 1 3.264273 
1 1 4.293494 
1 1 9.723266 
1 1 5.437774 
1 1 4.604884 
1 1 8.015403 
0 0 5.362407 
1 1 10.495664 
0 0 7.835436 
0 0 6.526931 
0 0 4.046592 
1 1 1.707052 
0 0 7.351013 
2 3 5.170239 
0 0 26.312598 
0 0 4.751384 
0 0 6.659812 
3 4 18.094202 
2 3 14.537673 
3 4 51.057597 
1 1 2.370353 
1 1 2.346843 
0 0 5.498261 
0 0 9.295454 
3 4 1.758999 
3 4 15.096454 
1 1 7.383956 
1 1 9.796193 
1 1 7.595296 
1 1 6.187160 
0 0 18.048568 
0 0 15.380314 
0 0 3.761947 
0 0 6.844804 
0 0 8.380233 
3 4 24.288561 
1 1 4.193162 
4 5 2.524761 
0 0 6.402604 
0 0 7.453773 
0 0 13.010467 
0 0 7.762544 
4 5 4.728493 
1 1 25.626671 
1 1 4.635425 
1 1 3.001837 
1 1 6.123265 
0 0 16.797622 
0 0 5.205763 
0 0 4.324870 
0 0 19.640333 
0 0 2.989488 
0 0 3.778448 
0 0 4.932569 
0 0 15.363144 
0 0 7.729184 
0 0 3.029128 
0 0 6.862259 
0 0 3.943629 
0 0 8.002677 
1 1 2.572291 
1 1 2.369799 
3 4 4.006834 
1 1 5.789171 
1 1 5.719939 
2 3 19.474075 
0 0 3.772969 
0 0 19.692574 
1 1 15.147256 
1 1 8.262462 
0 0 9.593371 
0 0 4.518956 
1 1 8.969060 
3 4 7.992494 
3 4 8.659667 
1 1 4.722254 
0 0 13.642481 
1 1 7.134271 
1 1 8.918645 
3 4 27.179297 
3 4 44.641185 
3 4 20.506976 
0 0 16.461152 
2 3 14.912483 
0 0 7.074489 
1 1 5.320731 
0 0 12.406728 
0 0 8.178483 
0 0 4.703457 
0 0 10.415675 
0 0 11.873657 
0 0 4.187172 
0 0 6.323631 
0 0 6.498566 
0 0 13.915827 
0 0 5.231839 
0 0 8.627438 
0 0 6.080099 
0 0 4.480642 
0 0 3.436461 
0 0 9.034726 
0 0 8.520624 
0 0 11.671336 
0 0 11.195338 
0 0 6.869395 
0 0 7.451325 
0 0 4.257627 
1 1 7.380660 
1 1 5.062140 
5 6 55.100156 
1 1 3.863047 
1 1 2.434600 
1 1 4.064856 
1 1 3.713864 
1 1 3.531170 
1 1 4.349766 
1 1 4.730968 
1 1 4.116344 
1 1 3.879712 
3 4 4.358101 
1 1 3.913734 
1 1 3.810536 
1 1 3.753985 
1 1 3.754630 
1 1 3.845402 
0 0 2.915346 
0 0 2.884648 
0 0 3.030652 
0 0 3.128985 
0 0 3.317330 
0 0 3.109290 
0 0 7.415648 
0 0 4.859550 
5 6 11.090536 
0 0 3.313774 
3 4 3.749085 
0 0 5.788802 
0 0 4.459513 
1 1 4.653077 
3 4 9.387888 
3 4 13.085256 
0 0 11.280288 
1 1 5.543041 
3 4 25.638525 
3 4 34.470057 
0 0 19.521481 
1 1 21.016534 
5 6 5.340131 
5 6 7.373767 
2 3 16.939868 
0 0 13.185566 
0 0 13.409955 
0 0 15.627143 
1 1 8.788323 
1 1 5.920347 
1 1 6.399095 
2 3 28.015754 
1 1 8.978034 
0 0 11.088303 
2 3 36.518071 
3 4 6.297050 
3 4 9.675107 
1 1 38.694682 
0 0 4.436859 
0 0 4.755863 
0 0 19.797078 
2 3 17.568943 
0 0 12.508861 
3 4 30.339286 
3 4 10.980216 
0 0 6.416073 
1 1 12.187264 
0 0 16.209025 
0 0 23.042770 
0 0 10.930608 
2 3 17.408204 
0 0 8.443963 
0 0 8.278353 
0 0 6.773763 
0 0 22.703153 
0 0 6.013375 
0 0 4.958185 
2 3 16.118990 
0 0 4.847044 
0 0 5.012636 
0 0 4.265540 
1 1 18.938713 
1 1 11.230946 
2 3 15.557954 
0 0 14.561754 
0 0 5.285577 
0 0 6.596412 
0 0 5.347513 
0 0 7.092034 
0 0 5.860491 
0 0 4.976658 
5 6 10.641720 
0 0 16.431049 
0 0 8.745971 
3 4 9.631472 
1 1 7.425305 
0 0 9.270919 
5 6 9.318689 
0 0 9.685232 
0 0 4.355233 
0 0 10.893718 
0 0 5.499868 
1 1 18.030703 
5 6 6.531158 
1 1 4.085772 
3 4 30.464363 
7 8 21.040561 
0 0 7.744413 
0 0 9.574391 
1 1 6.398975 
0 0 14.185299 
0 0 10.484120 
0 0 7.145247 
0 0 3.356576 
0 0 3.306714 
1 1 3.431004 
0 0 3.322188 
0 0 3.242669 
0 0 3.236048 
0 0 3.242529 
0 0 3.239727 
0 0 3.296159 
0 0 3.343884 
0 0 3.409503 
0 0 14.207622 
0 0 4.810334 
0 0 3.758937 
0 0 3.335477 
0 0 3.304286 
0 0 3.340342 
0 0 3.307085 
0 0 3.325287 
0 0 10.808991 
0 0 11.004448 
2 3 23.959325 
1 1 7.795672 
3 4 19.969462 
1 1 7.165231 
0 0 7.247350 
0 0 4.536396 
0 0 7.701793 
0 0 10.874376 
2 3 24.688328 
2 3 32.996788 
2 3 20.826792 
0 0 5.577210 
1 1 15.410610 
0 0 4.724063 
0 0 5.174651 
0 0 7.272780 
0 0 7.119996 
0 0 8.060869 
0 0 7.166534 
0 0 9.648090 
0 0 9.380725 
0 0 7.179006 
0 0 5.556079 
0 0 5.123393 
0 0 3.631583 
0 0 16.852627 
0 0 3.531956 
0 0 6.725749 
0 0 4.822267 
0 0 8.596303 
1 1 7.061974 
1 1 5.858017 
1 1 7.666660 
1 1 7.221308 
0 0 5.222464 
0 0 5.961949 
0 0 5.546386 
1 1 2.734953 
1 1 4.243561 
1 1 3.991929 
0 0 5.028468 
1 1 11.846523 
0 0 3.372600 
0 0 7.392513 
0 0 6.956915 
0 0 6.059673 
1 1 4.003511 
1 1 4.098888 
1 1 4.121187 
1 1 4.101762 
1 1 4.031390 
0 0 3.706777 
4 5 4.160015 
0 0 4.595486 
0 0 4.452332 
0 0 4.249313 
0 0 6.882775 
0 0 5.233068 
1 1 4.034983 
3 4 20.765692 
3 4 24.571443 
1 1 4.003119 
1 1 4.061770 
1 1 4.037873 
1 1 7.804706 
4 5 3.270355 
0 0 2.233639 
0 0 8.999280 
0 0 3.907451 
3 4 2.776900 
0 0 5.268541 
0 0 4.816933 
0 0 6.238569 
1 1 5.776162 
0 0 4.081239 
0 0 3.859561 
1 1 5.122007 
1 1 6.255752 
1 1 7.065816 
1 1 7.811614 
1 1 8.232066 
1 1 8.604297 
1 1 8.897084 
1 1 5.672733 
0 0 14.548315 
1 1 9.529120 
4 5 8.850901 
1 1 8.731900 
0 0 4.180947 
0 0 16.679369 
3 4 26.598492 
0 0 3.703509 
0 0 16.628678 
0 0 5.539688 
4 5 6.881630 
3 4 9.588565 
3 4 9.005503 
7 8 8.370661 
3 4 7.893196 
3 4 7.315488 
3 4 7.580778 
3 4 8.769280 
7 8 8.007188 
7 8 8.452318 
3 4 9.809569 
3 4 9.295760 
3 4 9.098568 
0 0 4.183622 
1 1 4.832479 
3 4 46.803915 
1 1 9.193571 
5 6 5.276930 
2 3 80.397679 
0 0 10.000081 
0 0 5.501816 
0 0 4.541785 
4 5 5.129243 
2 3 28.699016 
1 1 4.591767 
1 1 3.140063 
1 1 4.707184 
0 0 4.534073 
1 1 4.248273 
1 1 4.573981 
1 1 3.677410 
1 1 6.171147 
0 0 7.889495 
1 1 3.256670 
1 1 2.944300 
1 1 10.652805 
0 0 18.078866 
0 0 22.933263 
0 0 6.602083 
3 4 23.759906 
2 3 15.519155 
3 4 19.523883 
3 4 4.019905 
0 0 5.799601 
7 8 19.915564 
3 4 7.486467 
3 4 7.335572 
3 4 7.318433 
3 4 6.934350 
3 4 7.017699 
0 0 6.338722 
1 1 8.577312 
4 5 5.255043 
6 7 4.593094 
0 0 18.463285 
3 4 18.825239 
3 4 30.115012 
1 1 16.274110 
3 4 33.003219 
1 1 9.538983 
1 1 6.362690 
1 1 3.752230 
1 1 5.770886 
1 1 5.899338 
1 1 6.282336 
0 0 10.790058 
3 4 29.995535 
3 4 30.143069 
3 4 114.458018 
0 0 5.926708 
0 0 4.940811 
0 0 6.179415 
0 0 9.251734 
0 0 4.776091 
0 0 10.056623 
0 0 8.737508 
0 0 3.624373 
0 0 2.874713 
1 1 6.069441 
0 0 7.022298 
0 0 3.531474 
1 1 3.964599 
1 1 7.465128 
0 0 4.734221 
0 0 5.622101 
1 1 4.150369 
0 0 5.403017 
1 1 7.956915 
1 1 23.954140 
1 1 6.380578 
3 4 37.109801 
0 0 10.355762 
2 3 8.319366 
1 1 5.828796 
1 1 4.447581 
3 4 10.548957 
1 1 3.356344 
1 1 3.460123 
3 4 10.416688 
3 4 10.293076 
3 4 10.054951 
0 0 5.614806 
7 8 10.642414 
1 1 14.664511 
1 1 3.251934 
0 0 4.550063 
1 1 3.992237 
3 4 6.768373 
3 4 39.093133 
4 5 9.411883 
0 0 12.253041 
0 0 12.580685 
1 1 6.418965 
1 1 6.391897 
1 1 5.316096 
1 1 5.665887 
0 0 13.275075 
2 3 12.907485 
1 1 10.755733 
1 1 4.836673 
1 1 111.980171 
5 6 12.869865 
3 4 26.538012 
3 4 24.035897 
0 0 9.220220 
4 5 6.793754 
0 0 5.175584 
0 0 5.150351 
0 0 4.468478 
1 1 5.920166 
3 4 66.085244 
2 3 17.873109 
1 1 17.172957 
1 1 9.549390 
1 1 6.088142 
1 1 4.908328 
0 0 20.271094 
0 0 21.872686 
0 0 8.843267 
2 3 8.618775 
1 1 3.624082 
1 1 12.473842 
1 1 13.238558 
3 4 24.410506 
3 4 18.072555 
3 4 22.847896 
3 4 40.380044 
3 4 27.390627 
6 7 28.704334 
3 4 31.441443 
2 3 77.886943 
2 3 78.883717 
1 1 5.481809 
0 0 4.902813 
1 1 3.315282 
0 0 5.581088 
1 1 16.791934 
Landscape Indices
LSI 41.858176
