Parcel indices
Type Original Type GYRATE 
0 0 5.311665 
0 0 5.480906 
0 0 5.436219 
0 0 5.432969 
1 1 5.823299 
0 0 5.006840 
2 3 12.381782 
0 0 5.908952 
0 0 5.573146 
0 0 20.182886 
2 3 4.868053 
2 3 4.521285 
0 0 25.359065 
0 0 10.708883 
0 0 9.510998 
2 3 12.389681 
0 0 18.942315 
1 1 3.016174 
2 3 8.828246 
0 0 9.746313 
1 1 15.869502 
0 0 14.324175 
0 0 10.261782 
0 0 13.077275 
0 0 11.331996 
0 0 16.018786 
0 0 4.788236 
0 0 4.688187 
1 1 3.801420 
1 1 4.188770 
0 0 8.463422 
1 1 8.964861 
0 0 23.568566 
0 0 10.864213 
1 1 5.384921 
0 0 7.611816 
0 0 9.971596 
0 0 2.526340 
0 0 4.309581 
0 0 3.536198 
0 0 3.776401 
0 0 5.558218 
0 0 4.168879 
0 0 5.112637 
0 0 5.084286 
0 0 6.865399 
0 0 2.956261 
0 0 3.098875 
0 0 3.237225 
0 0 6.020736 
1 1 3.052489 
3 4 6.692383 
2 3 5.738459 
0 0 3.318617 
0 0 4.974293 
1 1 5.723900 
1 1 7.274676 
0 0 2.321901 
0 0 5.639468 
0 0 5.839574 
0 0 5.804363 
0 0 6.380646 
0 0 19.388214 
0 0 4.832542 
1 1 2.211125 
0 0 4.590384 
0 0 8.566757 
2 3 66.665596 
0 0 5.434014 
0 0 5.881675 
0 0 5.723803 
0 0 4.045803 
0 0 3.773928 
0 0 2.820512 
0 0 7.354794 
0 0 5.809094 
0 0 5.476220 
0 0 5.732348 
0 0 5.714436 
0 0 5.968793 
0 0 5.772903 
0 0 5.331779 
0 0 5.191091 
0 0 5.546846 
0 0 5.092827 
0 0 5.613586 
0 0 7.275032 
1 1 12.406835 
1 1 0.996981 
0 0 5.649545 
0 0 6.155753 
0 0 6.116103 
0 0 5.962426 
2 3 5.006013 
2 3 5.478674 
4 5 5.703733 
2 3 9.156653 
0 0 3.082398 
0 0 4.906671 
2 3 4.331546 
2 3 4.013071 
2 3 4.304327 
2 3 7.173189 
0 0 3.923503 
2 3 3.191206 
1 1 3.125264 
2 3 5.747539 
2 3 5.349646 
2 3 3.089577 
0 0 2.913012 
2 3 4.409978 
1 1 5.680547 
0 0 4.129844 
0 0 4.377650 
1 1 8.673369 
1 1 3.627279 
1 1 8.139434 
0 0 5.970891 
4 5 11.600471 
2 3 3.619629 
2 3 3.919127 
1 1 2.386220 
1 1 2.536539 
1 1 2.436891 
1 1 4.356428 
1 1 2.380250 
1 1 1.980756 
1 1 1.966954 
1 1 2.474348 
1 1 2.632938 
0 0 9.529432 
0 0 7.396899 
0 0 6.174184 
0 0 13.778427 
0 0 12.883243 
0 0 21.997875 
0 0 4.203039 
0 0 3.195054 
0 0 3.451067 
2 3 8.483700 
4 5 6.758681 
0 0 19.649030 
4 5 48.188138 
0 0 4.398724 
2 3 1.705109 
2 3 3.149762 
0 0 3.361814 
0 0 2.595373 
2 3 3.063076 
0 0 3.176157 
2 3 4.727017 
2 3 3.917961 
2 3 2.922645 
2 3 4.503521 
2 3 10.215567 
2 3 5.809745 
2 3 2.004919 
0 0 2.034554 
2 3 2.906478 
0 0 14.331218 
0 0 10.225293 
2 3 12.067409 
2 3 4.615766 
2 3 2.744477 
2 3 4.952429 
2 3 3.160398 
2 3 7.133208 
2 3 4.184243 
2 3 7.346996 
2 3 4.483227 
1 1 4.651896 
1 1 3.895105 
1 1 2.284216 
1 1 1.320827 
0 0 11.497274 
2 3 3.196182 
0 0 4.230822 
0 0 16.605141 
0 0 13.766661 
0 0 16.319297 
0 0 10.483629 
0 0 11.711061 
0 0 6.853473 
0 0 3.556788 
0 0 3.481759 
0 0 4.026946 
1 1 3.000221 
0 0 2.347984 
1 1 1.917101 
2 3 2.864422 
1 1 3.315703 
0 0 3.141010 
0 0 3.113382 
0 0 3.421395 
2 3 6.077690 
2 3 3.201940 
0 0 11.724695 
2 3 2.190644 
2 3 2.735376 
2 3 2.201817 
2 3 10.893145 
2 3 3.981388 
2 3 5.172601 
2 3 3.013858 
2 3 13.556848 
1 1 0.914835 
2 3 5.924194 
2 3 2.567868 
0 0 4.817850 
2 3 3.123736 
2 3 3.807874 
0 0 4.046360 
0 0 5.177292 
1 1 4.695990 
0 0 6.559430 
4 5 4.753474 
1 1 2.918407 
0 0 3.439599 
1 1 5.809744 
3 4 2.796261 
0 0 4.284209 
1 1 3.789517 
1 1 2.865308 
0 0 3.602575 
1 1 3.495051 
0 0 5.539884 
1 1 2.186397 
0 0 11.341994 
2 3 3.547587 
2 3 3.347722 
2 3 6.532893 
0 0 2.683630 
3 4 9.161390 
0 0 2.779996 
1 1 2.347366 
1 1 4.971515 
0 0 3.656852 
1 1 1.496827 
0 0 3.200999 
0 0 4.170872 
0 0 2.649189 
0 0 4.013026 
2 3 4.377903 
0 0 2.138291 
2 3 8.268951 
2 3 5.068687 
0 0 2.394381 
2 3 5.034724 
2 3 2.276077 
2 3 3.406127 
2 3 2.742404 
2 3 3.421419 
1 1 0.549685 
1 1 7.352280 
0 0 2.850863 
0 0 3.102697 
2 3 2.472040 
0 0 5.308444 
0 0 9.270267 
2 3 4.026790 
0 0 3.515467 
0 0 3.829400 
1 1 4.975436 
0 0 2.941823 
1 1 4.207632 
0 0 3.453103 
1 1 4.132733 
0 0 7.966861 
2 3 2.843616 
2 3 2.715569 
0 0 5.319695 
0 0 5.357831 
0 0 5.625045 
1 1 5.143574 
0 0 8.107009 
2 3 5.508745 
0 0 3.625691 
0 0 3.833635 
0 0 3.620011 
0 0 3.842694 
0 0 3.702332 
0 0 3.840229 
0 0 3.785157 
0 0 3.769147 
0 0 3.791104 
0 0 3.750809 
0 0 3.868958 
0 0 4.138744 
0 0 3.806079 
0 0 3.556159 
0 0 3.296657 
0 0 3.738350 
0 0 3.858112 
0 0 5.610103 
1 1 2.730230 
1 1 2.594012 
1 1 2.547363 
0 0 3.498306 
0 0 10.543633 
0 0 10.864788 
0 0 10.703021 
0 0 10.646506 
0 0 10.476801 
0 0 10.172644 
0 0 4.348158 
0 0 5.266494 
0 0 2.621443 
2 3 3.107770 
0 0 11.945160 
0 0 3.158760 
1 1 23.061115 
2 3 5.329642 
2 3 3.602271 
2 3 2.772427 
2 3 2.019984 
2 3 14.493983 
2 3 12.863216 
2 3 7.677552 
0 0 8.657299 
0 0 2.694698 
1 1 2.574418 
2 3 4.357574 
1 1 2.774599 
0 0 3.471711 
1 1 3.944377 
1 1 5.884323 
2 3 3.462753 
2 3 15.247513 
2 3 3.454035 
2 3 5.634258 
2 3 2.932478 
2 3 3.745760 
2 3 6.697847 
1 1 2.330819 
2 3 7.696555 
2 3 2.350413 
1 1 2.547062 
0 0 4.550078 
1 1 6.696392 
0 0 5.386366 
0 0 4.783233 
0 0 4.773494 
1 1 2.351890 
0 0 3.904486 
0 0 4.996432 
0 0 3.815648 
0 0 3.978200 
0 0 18.880416 
0 0 3.311126 
0 0 4.432348 
1 1 1.466812 
0 0 13.298811 
0 0 4.032529 
0 0 3.693870 
0 0 3.802215 
0 0 3.567007 
0 0 3.290632 
0 0 3.770686 
0 0 2.859226 
2 3 3.992178 
0 0 14.567502 
0 0 11.341641 
0 0 5.800111 
1 1 3.447656 
0 0 4.032630 
2 3 2.420155 
1 1 14.687759 
2 3 3.442207 
2 3 3.692724 
0 0 12.841616 
0 0 5.594824 
0 0 9.843731 
0 0 4.705236 
0 0 4.742507 
3 4 34.020038 
0 0 19.131111 
0 0 2.535509 
0 0 2.598333 
2 3 2.964115 
2 3 2.072237 
1 1 1.689262 
3 4 8.454136 
2 3 3.686611 
2 3 2.648121 
0 0 16.464880 
1 1 14.318389 
0 0 11.231739 
1 1 3.321985 
1 1 1.572890 
1 1 3.194179 
0 0 22.424568 
0 0 15.638206 
0 0 6.261124 
0 0 2.473292 
0 0 7.087611 
1 1 2.271571 
1 1 2.856100 
0 0 16.804782 
0 0 12.036958 
0 0 25.351466 
0 0 13.062642 
0 0 14.411679 
0 0 2.845586 
1 1 6.678277 
0 0 5.542910 
2 3 5.664424 
0 0 3.926014 
4 5 5.872905 
0 0 4.170661 
0 0 6.796483 
1 1 4.727329 
0 0 6.388275 
1 1 20.033565 
1 1 2.898793 
1 1 2.513448 
1 1 1.591352 
1 1 6.504068 
2 3 5.681500 
2 3 11.198114 
2 3 15.200382 
1 1 3.791732 
1 1 4.045222 
2 3 5.142451 
2 3 3.727969 
2 3 3.581862 
4 5 11.051338 
2 3 3.690696 
1 1 16.171622 
0 0 13.419050 
0 0 3.010384 
3 4 9.862859 
2 3 4.530679 
2 3 4.355168 
2 3 4.701427 
0 0 4.867453 
2 3 16.642547 
0 0 12.436205 
1 1 15.887699 
0 0 3.518042 
4 5 29.793925 
2 3 3.869351 
0 0 4.719464 
2 3 6.358874 
0 0 5.395503 
2 3 13.193403 
0 0 2.403768 
0 0 5.859420 
1 1 1.793971 
2 3 4.687384 
0 0 1.735962 
0 0 13.577354 
0 0 11.243213 
1 1 2.000256 
0 0 3.431579 
2 3 8.254884 
0 0 3.813590 
1 1 4.103022 
3 4 7.928660 
2 3 3.291297 
4 5 4.811172 
4 5 5.406160 
2 3 5.193501 
0 0 10.773150 
0 0 18.239855 
2 3 5.072246 
2 3 3.385840 
0 0 12.136521 
0 0 2.006497 
2 3 3.523446 
2 3 2.820969 
2 3 2.569215 
2 3 2.432284 
2 3 2.997377 
2 3 4.069370 
2 3 3.921986 
0 0 4.323419 
2 3 4.127768 
1 1 4.075743 
0 0 2.265673 
2 3 3.105371 
0 0 2.817331 
2 3 6.548252 
2 3 4.773838 
2 3 3.712107 
1 1 1.201661 
0 0 5.504856 
0 0 5.026126 
4 5 9.621449 
0 0 3.548561 
0 0 5.738808 
1 1 4.123846 
0 0 3.504055 
0 0 5.776295 
1 1 4.888838 
1 1 4.321110 
2 3 7.674817 
0 0 3.664329 
0 0 4.432258 
0 0 10.706145 
0 0 5.864231 
2 3 3.754638 
2 3 3.238509 
2 3 3.408996 
2 3 2.994611 
2 3 3.639238 
0 0 3.128290 
2 3 5.224928 
0 0 23.666144 
0 0 4.791039 
0 0 4.669614 
2 3 3.838295 
0 0 3.420389 
0 0 2.699412 
0 0 4.931198 
0 0 3.966123 
0 0 6.475254 
2 3 4.663243 
0 0 4.099071 
1 1 2.259690 
0 0 4.002235 
2 3 3.442483 
2 3 2.693817 
0 0 3.432076 
2 3 2.948807 
1 1 8.286100 
1 1 1.933115 
1 1 16.054623 
2 3 4.895114 
2 3 3.045620 
0 0 2.714659 
2 3 4.753615 
5 6 2.778663 
0 0 2.735610 
2 3 2.324650 
2 3 1.983203 
2 3 12.983008 
1 1 1.573957 
2 3 2.162904 
3 4 18.143808 
4 5 9.632898 
2 3 2.801836 
2 3 3.150827 
2 3 2.541664 
2 3 2.798939 
0 0 3.649576 
0 0 5.065356 
0 0 2.851024 
2 3 4.064864 
0 0 3.759751 
1 1 2.463866 
0 0 3.035008 
1 1 6.573094 
0 0 10.733162 
0 0 8.516089 
0 0 5.178146 
1 1 4.918713 
0 0 4.268027 
1 1 2.499418 
0 0 4.118164 
2 3 19.599979 
0 0 12.886525 
0 0 10.034641 
0 0 11.464379 
0 0 10.669840 
0 0 9.089139 
0 0 3.303515 
2 3 3.253659 
1 1 1.840379 
0 0 4.021782 
1 1 2.913967 
1 1 3.187743 
1 1 2.248374 
0 0 11.057854 
0 0 9.958790 
1 1 2.226289 
2 3 6.415108 
0 0 13.937720 
2 3 6.309112 
2 3 3.708072 
2 3 2.245108 
2 3 3.400352 
0 0 2.837374 
3 4 5.191435 
2 3 2.436868 
2 3 9.573727 
2 3 3.016609 
0 0 3.254967 
0 0 2.286050 
0 0 2.354985 
2 3 3.392608 
2 3 5.471232 
2 3 3.498932 
4 5 14.614569 
2 3 3.660034 
4 5 14.506251 
2 3 4.050279 
2 3 6.273452 
2 3 10.361258 
2 3 12.601831 
2 3 4.611032 
0 0 2.825149 
0 0 2.947433 
0 0 3.619847 
0 0 2.336161 
0 0 3.242263 
0 0 5.335485 
2 3 4.653340 
2 3 4.573761 
2 3 1.826349 
2 3 4.007689 
0 0 6.655514 
0 0 12.813904 
0 0 2.443945 
0 0 2.775297 
0 0 3.053172 
0 0 2.417272 
2 3 3.372527 
2 3 4.229805 
2 3 3.331600 
0 0 3.007276 
0 0 5.139543 
0 0 2.137166 
0 0 3.936893 
1 1 14.427349 
1 1 22.599984 
1 1 15.718805 
0 0 6.407989 
0 0 3.841862 
0 0 4.494036 
1 1 5.310175 
0 0 3.861147 
0 0 3.795698 
0 0 4.912875 
1 1 4.679631 
2 3 3.110934 
0 0 2.377830 
0 0 3.176177 
2 3 2.701547 
2 3 4.857962 
1 1 4.335966 
2 3 4.772747 
2 3 3.254107 
2 3 3.856220 
2 3 3.059849 
1 1 22.408639 
0 0 11.127948 
2 3 3.164124 
0 0 2.382364 
0 0 3.024137 
0 0 1.806250 
0 0 2.484011 
0 0 2.627550 
0 0 3.065579 
0 0 2.088995 
2 3 9.716164 
1 1 2.128134 
2 3 2.869075 
4 5 10.439725 
2 3 1.376746 
1 1 1.716210 
2 3 2.810246 
2 3 3.712476 
4 5 23.951014 
0 0 4.646674 
0 0 4.810726 
0 0 4.320781 
0 0 4.544144 
2 3 3.545633 
2 3 3.162805 
0 0 3.613922 
3 4 19.672215 
2 3 3.468951 
0 0 3.564894 
0 0 3.593299 
0 0 3.671150 
0 0 3.471468 
2 3 3.552999 
1 1 2.563669 
2 3 4.850191 
0 0 5.133811 
0 0 3.305482 
0 0 3.477362 
2 3 3.534890 
0 0 2.140603 
0 0 2.601989 
0 0 2.299875 
0 0 4.703481 
0 0 4.514308 
1 1 2.357833 
1 1 2.789214 
0 0 5.936164 
0 0 9.428135 
2 3 2.007494 
2 3 3.146307 
2 3 2.525281 
2 3 3.483706 
2 3 2.785887 
2 3 4.328570 
2 3 2.847252 
0 0 5.083975 
2 3 3.987468 
1 1 3.095479 
0 0 3.195493 
2 3 4.054750 
0 0 3.942457 
1 1 2.657397 
0 0 3.274936 
0 0 3.079663 
0 0 2.832898 
0 0 2.846662 
2 3 2.401121 
2 3 3.422559 
2 3 2.619030 
2 3 6.651816 
2 3 3.872269 
0 0 2.637598 
2 3 4.138882 
1 1 2.583707 
2 3 10.346844 
2 3 3.384791 
2 3 3.560558 
0 0 2.475664 
0 0 7.575969 
2 3 3.624510 
0 0 4.780486 
0 0 4.085233 
1 1 2.962735 
0 0 10.233016 
0 0 5.428360 
0 0 4.454645 
0 0 4.876505 
1 1 1.283666 
0 0 5.353410 
0 0 3.856119 
0 0 3.888036 
0 0 4.533524 
0 0 3.791899 
0 0 3.810125 
0 0 3.981997 
0 0 8.121087 
0 0 3.754012 
0 0 3.645158 
0 0 3.448633 
0 0 3.789869 
0 0 3.648048 
0 0 3.689247 
0 0 3.851434 
0 0 3.832926 
0 0 3.746652 
0 0 12.422313 
1 1 15.862686 
2 3 3.850856 
1 1 3.075758 
0 0 8.458366 
3 4 3.050488 
6 7 9.694232 
0 0 1.720368 
0 0 2.064175 
2 3 3.552517 
1 1 2.841138 
0 0 3.568347 
0 0 2.385702 
2 3 5.338025 
1 1 11.259874 
2 3 4.033438 
6 7 10.737313 
1 1 3.205349 
2 3 3.099122 
0 0 2.483110 
2 3 2.767700 
0 0 7.327011 
0 0 4.541554 
2 3 5.208050 
2 3 9.654593 
1 1 1.458728 
2 3 11.868194 
0 0 2.786513 
2 3 2.821884 
4 5 27.029407 
0 0 2.432853 
0 0 6.427990 
1 1 2.251848 
0 0 1.473682 
0 0 10.036016 
2 3 3.401565 
0 0 3.538176 
2 3 3.950789 
0 0 3.390987 
2 3 2.876558 
0 0 17.150183 
0 0 18.587975 
0 0 14.353209 
0 0 16.149732 
0 0 4.018753 
0 0 3.320390 
2 3 17.125106 
0 0 4.293762 
1 1 0.934583 
1 1 1.368683 
0 0 2.948530 
0 0 4.003367 
1 1 3.879214 
1 1 5.101767 
0 0 3.066020 
0 0 4.331878 
0 0 4.500230 
0 0 2.421315 
0 0 1.995724 
0 0 2.098938 
0 0 2.108109 
0 0 1.363006 
0 0 1.410235 
3 4 20.347719 
2 3 4.185027 
0 0 2.176378 
2 3 3.795271 
0 0 2.486554 
0 0 8.822018 
0 0 3.648593 
0 0 1.885210 
0 0 2.236800 
0 0 2.515091 
3 4 2.134648 
0 0 2.687227 
1 1 2.731567 
0 0 2.097812 
2 3 4.770638 
0 0 1.775233 
0 0 1.481724 
2 3 2.985028 
0 0 2.543561 
1 1 2.021429 
2 3 3.073013 
0 0 2.836792 
0 0 2.748179 
0 0 2.765447 
0 0 2.735142 
0 0 2.799915 
0 0 2.762773 
0 0 2.777992 
1 1 6.856685 
2 3 12.945090 
1 1 4.367951 
0 0 5.131220 
1 1 3.896961 
0 0 5.063921 
4 5 10.115451 
0 0 3.983936 
0 0 7.821323 
1 1 4.133014 
1 1 1.719182 
0 0 3.447737 
2 3 3.255225 
2 3 3.683201 
1 1 3.453308 
0 0 2.995101 
0 0 3.653215 
0 0 2.941937 
0 0 3.480291 
0 0 4.025807 
0 0 14.708361 
0 0 5.043248 
0 0 2.648004 
0 0 5.217543 
1 1 2.754699 
0 0 3.855301 
0 0 3.754202 
0 0 3.989308 
0 0 3.845700 
0 0 4.384049 
0 0 3.819617 
0 0 3.669864 
0 0 4.020151 
0 0 3.757918 
0 0 3.668280 
0 0 3.424662 
0 0 3.788891 
0 0 3.685481 
0 0 3.697682 
0 0 11.094759 
0 0 8.361197 
0 0 5.134258 
0 0 4.721733 
0 0 3.279791 
2 3 5.191390 
0 0 4.686701 
1 1 1.650888 
2 3 3.011356 
2 3 4.599918 
0 0 2.912735 
0 0 2.997315 
1 1 2.059111 
0 0 3.805612 
0 0 2.655689 
0 0 2.659514 
2 3 3.165596 
6 7 3.724184 
4 5 6.501754 
2 3 3.022221 
2 3 4.976859 
2 3 4.594502 
0 0 2.715961 
0 0 2.750191 
0 0 2.515745 
0 0 2.927720 
0 0 2.782247 
0 0 2.714702 
0 0 2.416474 
0 0 2.531852 
0 0 2.781461 
0 0 2.658059 
0 0 2.703456 
0 0 2.623474 
0 0 2.717713 
0 0 2.730004 
0 0 2.708167 
0 0 2.728143 
0 0 2.700505 
0 0 2.754109 
0 0 2.737815 
2 3 8.017234 
2 3 6.859093 
4 5 9.911780 
2 3 6.882005 
1 1 5.436042 
0 0 3.734941 
0 0 6.994450 
0 0 3.321155 
2 3 3.136714 
0 0 3.262790 
2 3 4.379573 
0 0 6.439390 
0 0 7.031875 
0 0 4.914844 
0 0 3.936308 
0 0 5.178859 
0 0 10.257769 
0 0 10.117645 
0 0 10.752735 
0 0 11.217846 
0 0 2.647878 
0 0 2.670536 
1 1 2.430570 
1 1 3.783148 
1 1 2.660771 
0 0 31.359238 
0 0 5.170220 
1 1 4.369066 
0 0 6.791281 
0 0 11.656898 
0 0 8.850581 
0 0 10.598796 
0 0 3.568186 
0 0 2.624800 
1 1 7.500086 
0 0 7.340399 
0 0 3.890494 
0 0 3.818691 
0 0 2.517444 
0 0 2.254535 
1 1 1.370763 
4 5 27.771731 
1 1 1.273137 
0 0 2.611213 
0 0 2.697160 
0 0 2.713203 
0 0 2.703699 
0 0 2.648504 
0 0 2.591261 
1 1 11.031857 
1 1 1.475673 
0 0 7.263756 
1 1 6.173730 
4 5 10.703129 
0 0 4.606188 
0 0 3.979764 
0 0 6.056032 
1 1 5.156023 
0 0 5.270753 
1 1 3.524153 
0 0 3.627905 
1 1 2.774178 
1 1 2.451240 
0 0 3.097068 
0 0 4.557490 
0 0 3.469032 
0 0 3.213903 
0 0 3.664551 
0 0 2.748668 
0 0 2.397126 
0 0 2.737261 
0 0 15.631922 
0 0 4.246717 
0 0 6.378789 
0 0 3.787174 
1 1 3.989913 
0 0 4.357837 
0 0 4.856431 
0 0 4.839964 
0 0 4.858987 
2 3 4.957788 
2 3 3.507708 
2 3 3.345257 
2 3 3.751827 
2 3 3.150025 
0 0 3.002606 
0 0 10.815923 
0 0 10.431244 
0 0 10.743164 
0 0 10.775116 
0 0 10.311450 
0 0 10.235815 
2 3 4.852963 
2 3 7.230926 
0 0 7.832195 
2 3 2.939133 
0 0 2.989121 
0 0 2.809644 
0 0 2.415692 
2 3 3.100808 
2 3 3.642319 
4 5 6.216845 
2 3 1.688805 
0 0 7.102207 
1 1 2.544770 
0 0 2.721470 
1 1 9.381771 
1 1 3.779669 
0 0 16.275958 
0 0 2.918088 
0 0 5.331002 
0 0 5.108904 
0 0 4.019884 
0 0 4.949573 
0 0 5.371463 
2 3 5.017194 
2 3 5.114951 
0 0 3.348227 
0 0 6.128765 
0 0 4.487432 
0 0 2.200895 
0 0 2.427484 
0 0 3.384379 
0 0 4.740458 
0 0 5.231112 
0 0 5.226132 
1 1 19.663651 
0 0 10.254587 
0 0 9.293222 
0 0 17.195961 
0 0 11.693506 
1 1 1.918076 
0 0 10.936846 
0 0 12.990661 
1 1 16.481027 
1 1 1.139338 
1 1 21.837338 
3 4 83.244164 
2 3 3.589611 
0 0 3.957997 
0 0 5.765749 
2 3 6.975042 
0 0 16.637845 
2 3 6.420644 
2 3 8.806297 
0 0 2.318781 
2 3 5.019137 
2 3 4.991722 
2 3 3.785261 
2 3 2.708806 
2 3 2.875916 
2 3 2.711707 
0 0 3.162042 
2 3 3.110002 
2 3 2.910150 
1 1 3.975354 
2 3 3.628965 
2 3 3.140071 
2 3 4.191034 
2 3 9.263882 
0 0 3.899918 
1 1 3.062914 
0 0 5.521303 
0 0 3.702684 
0 0 9.771224 
0 0 5.420394 
1 1 2.120366 
1 1 11.345698 
1 1 7.588381 
0 0 6.775203 
0 0 3.961429 
0 0 3.017986 
0 0 6.032537 
1 1 7.454586 
1 1 3.233148 
2 3 3.333971 
1 1 15.407883 
2 3 7.643258 
0 0 3.336463 
2 3 3.752933 
2 3 4.681056 
2 3 4.276147 
2 3 3.321871 
2 3 3.327718 
2 3 2.845245 
2 3 3.451340 
2 3 5.222646 
0 0 3.054259 
2 3 7.802039 
2 3 6.932974 
1 1 6.614713 
0 0 16.223479 
0 0 5.098674 
0 0 3.300271 
0 0 2.704653 
1 1 38.927901 
0 0 12.530625 
1 1 2.597507 
1 1 6.520581 
0 0 11.885822 
1 1 3.092389 
0 0 14.095391 
1 1 2.613804 
0 0 5.992053 
0 0 8.935490 
1 1 5.498037 
1 1 5.429504 
1 1 1.331185 
1 1 3.827377 
1 1 10.603544 
1 1 7.063697 
0 0 3.919265 
0 0 3.903329 
1 1 17.142739 
2 3 6.606661 
2 3 4.891714 
0 0 3.823418 
2 3 3.308959 
2 3 3.711515 
2 3 3.447033 
5 6 19.621501 
0 0 4.344613 
3 4 3.441839 
2 3 4.145563 
2 3 7.686486 
2 3 7.405460 
1 1 5.056761 
2 3 8.665616 
0 0 13.407620 
0 0 4.206095 
0 0 6.418794 
0 0 3.982725 
0 0 5.549676 
1 1 29.624334 
0 0 3.408207 
0 0 14.101953 
0 0 4.080000 
0 0 4.290567 
0 0 3.332936 
0 0 11.530897 
0 0 8.920136 
0 0 6.068544 
1 1 4.801192 
1 1 2.482604 
0 0 7.514634 
0 0 12.456196 
0 0 9.829079 
0 0 3.753728 
0 0 7.875772 
0 0 7.362263 
1 1 5.374005 
0 0 4.703173 
1 1 2.535290 
1 1 2.844788 
1 1 17.938568 
1 1 37.902492 
0 0 3.113834 
0 0 3.769101 
1 1 17.201846 
2 3 3.607768 
2 3 7.437932 
0 0 3.083883 
0 0 4.780453 
0 0 3.048707 
0 0 4.019680 
0 0 3.770869 
0 0 9.123415 
0 0 2.581480 
0 0 2.621735 
0 0 3.676148 
1 1 3.525435 
0 0 16.186631 
0 0 2.699298 
1 1 7.630767 
1 1 4.410857 
0 0 7.869073 
1 1 2.257879 
0 0 3.340421 
0 0 3.323253 
0 0 3.468250 
0 0 3.194628 
2 3 3.801256 
2 3 2.351727 
2 3 2.822520 
2 3 4.313783 
2 3 4.744940 
1 1 1.855093 
0 0 5.821700 
0 0 3.270307 
0 0 4.006064 
0 0 4.086598 
1 1 4.593910 
0 0 3.789801 
1 1 2.122927 
1 1 35.461647 
0 0 3.274293 
0 0 3.165263 
0 0 3.194353 
1 1 2.026017 
2 3 3.013750 
0 0 12.607194 
0 0 8.108627 
0 0 2.137892 
1 1 33.345996 
0 0 6.528365 
0 0 16.266941 
0 0 3.478284 
1 1 6.975660 
0 0 5.326919 
0 0 8.754745 
0 0 4.352962 
0 0 2.285134 
0 0 6.028065 
0 0 4.163739 
1 1 3.556549 
1 1 2.560947 
0 0 3.568131 
0 0 11.579090 
1 1 2.955386 
0 0 8.377161 
1 1 1.917477 
1 1 1.827704 
1 1 2.057903 
1 1 2.000449 
1 1 2.083672 
0 0 4.046330 
0 0 7.818960 
0 0 13.743672 
0 0 4.320163 
1 1 6.352024 
0 0 6.779704 
1 1 5.648585 
1 1 6.700595 
1 1 5.282212 
0 0 4.480370 
0 0 4.309013 
0 0 9.988827 
0 0 4.493873 
1 1 5.457543 
1 1 2.612011 
0 0 6.990265 
0 0 2.291752 
1 1 4.467020 
1 1 3.091602 
1 1 2.787790 
0 0 7.065757 
1 1 8.532783 
1 1 3.467621 
0 0 5.719461 
0 0 4.405752 
0 0 5.100717 
0 0 6.094681 
0 0 3.623182 
0 0 10.344537 
1 1 3.322227 
1 1 1.914330 
0 0 2.716009 
1 1 2.896605 
0 0 3.510961 
0 0 2.229850 
1 1 5.428220 
1 1 17.361447 
1 1 2.804348 
1 1 20.273634 
0 0 2.068137 
0 0 3.822796 
0 0 15.907444 
1 1 4.290385 
0 0 5.442997 
1 1 3.352648 
0 0 3.872492 
0 0 5.065824 
1 1 4.533888 
1 1 8.565015 
1 1 3.248941 
0 0 3.522484 
0 0 2.932773 
0 0 3.641045 
0 0 2.897488 
1 1 3.212908 
0 0 15.592060 
0 0 3.393196 
0 0 6.036958 
1 1 4.402015 
0 0 5.689063 
1 1 2.743245 
0 0 6.806693 
1 1 2.524513 
1 1 3.611428 
0 0 3.493460 
1 1 2.559021 
0 0 2.622270 
1 1 14.526696 
0 0 14.094489 
1 1 2.750457 
2 3 5.026220 
2 3 6.992733 
0 0 7.306724 
1 1 3.876062 
1 1 3.717696 
1 1 2.606156 
0 0 3.040899 
0 0 3.521358 
0 0 3.538200 
0 0 4.534801 
0 0 11.701684 
0 0 2.868228 
0 0 6.264687 
0 0 12.222747 
1 1 2.481628 
1 1 6.001965 
0 0 4.291119 
0 0 5.137992 
0 0 5.148334 
0 0 3.702167 
0 0 6.441770 
1 1 5.069657 
1 1 2.418869 
0 0 6.502240 
1 1 18.015188 
1 1 21.326818 
1 1 7.840660 
0 0 9.850390 
0 0 16.289430 
0 0 10.889284 
2 3 3.360695 
0 0 2.508764 
0 0 6.809709 
1 1 5.874846 
1 1 5.271702 
1 1 5.880278 
0 0 5.693998 
1 1 7.627535 
0 0 3.237891 
0 0 6.239676 
0 0 2.835915 
0 0 2.499508 
0 0 3.104841 
0 0 5.851440 
0 0 19.724929 
1 1 2.741210 
1 1 10.378995 
1 1 3.420496 
1 1 3.146333 
0 0 11.345223 
1 1 4.453772 
1 1 3.556731 
1 1 2.950188 
1 1 5.461241 
0 0 2.950092 
1 1 3.479872 
1 1 2.038392 
1 1 5.666989 
0 0 2.521777 
0 0 15.161887 
0 0 16.077117 
0 0 14.491881 
0 0 10.698139 
1 1 2.166733 
1 1 2.532390 
1 1 1.895509 
1 1 11.004530 
1 1 13.370101 
0 0 2.804583 
1 1 12.984931 
1 1 13.370094 
1 1 12.978010 
1 1 20.895235 
1 1 26.352136 
0 0 2.843284 
1 1 2.648119 
1 1 4.626672 
0 0 4.585194 
0 0 2.161606 
1 1 2.444289 
1 1 3.670752 
0 0 3.733869 
0 0 3.260081 
1 1 19.255555 
1 1 1.473347 
1 1 29.198278 
1 1 45.317991 
1 1 27.105471 
0 0 2.702860 
0 0 3.351709 
1 1 2.335328 
1 1 1.748222 
0 0 9.248572 
0 0 8.214003 
0 0 3.962217 
2 3 2.980966 
2 3 4.428187 
3 4 19.232795 
0 0 7.777596 
1 1 5.904918 
2 3 3.468960 
1 1 3.556105 
1 1 4.096346 
1 1 3.275072 
1 1 2.808867 
0 0 4.492351 
3 4 3.475509 
0 0 4.498638 
1 1 2.793959 
1 1 13.268326 
1 1 21.990555 
3 4 18.768521 
1 1 32.729864 
3 4 28.235479 
0 0 14.161207 
1 1 2.493744 
2 3 3.399340 
2 3 5.778270 
0 0 3.010055 
1 1 4.010286 
0 0 4.730938 
1 1 3.840568 
0 0 5.313006 
0 0 4.020511 
0 0 4.705393 
4 5 31.116574 
0 0 4.505265 
0 0 5.162369 
0 0 11.530348 
0 0 10.393367 
2 3 3.294271 
0 0 18.710395 
0 0 16.316250 
0 0 2.806253 
1 1 4.434705 
0 0 2.214726 
0 0 2.251020 
0 0 2.790997 
0 0 3.439588 
0 0 4.071436 
1 1 2.923281 
0 0 10.135880 
0 0 10.116022 
1 1 15.116431 
0 0 8.959984 
0 0 9.327633 
0 0 9.130733 
1 1 20.522219 
0 0 4.739059 
0 0 4.199024 
0 0 3.552740 
0 0 3.998226 
0 0 4.482797 
2 3 4.080847 
2 3 3.628577 
2 3 3.446077 
1 1 3.173937 
2 3 3.486004 
2 3 3.486982 
2 3 4.966009 
2 3 3.307968 
2 3 3.298745 
2 3 3.404368 
0 0 2.151081 
2 3 3.451189 
0 0 2.542005 
0 0 1.841703 
0 0 3.741503 
1 1 3.652633 
0 0 3.682103 
0 0 10.144575 
1 1 2.463352 
1 1 11.826045 
0 0 12.257479 
0 0 3.793334 
0 0 4.026922 
0 0 12.155893 
0 0 3.584732 
2 3 5.040359 
0 0 2.739055 
0 0 10.400960 
0 0 10.395496 
2 3 2.743636 
0 0 14.217886 
1 1 22.274745 
2 3 4.683174 
0 0 5.399410 
0 0 10.791582 
0 0 9.340790 
2 3 4.945290 
1 1 2.732839 
1 1 13.909091 
1 1 26.417079 
1 1 26.417651 
0 0 4.366847 
0 0 4.389834 
1 1 3.809119 
1 1 4.541053 
4 5 20.224641 
0 0 5.747610 
2 3 3.960254 
2 3 3.332510 
2 3 3.313794 
0 0 15.596528 
0 0 19.996246 
0 0 5.287136 
0 0 4.852307 
0 0 3.704564 
1 1 4.873776 
1 1 3.800673 
2 3 4.487191 
2 3 2.212072 
2 3 3.181453 
0 0 3.830170 
0 0 4.628632 
0 0 4.493334 
0 0 4.649803 
3 4 5.139785 
2 3 2.428874 
2 3 2.883474 
2 3 3.773286 
2 3 3.203898 
0 0 3.199630 
2 3 4.968499 
1 1 13.897917 
1 1 12.577205 
2 3 9.048135 
1 1 4.044473 
0 0 14.274008 
2 3 5.835156 
0 0 33.181488 
1 1 11.888004 
0 0 4.927434 
1 1 11.519136 
0 0 15.231514 
1 1 17.170780 
1 1 17.181086 
1 1 15.522064 
1 1 25.737799 
2 3 3.010132 
1 1 2.252967 
1 1 15.519769 
1 1 21.936373 
1 1 11.922005 
1 1 21.961479 
1 1 11.919967 
1 1 11.918044 
0 0 8.402365 
0 0 17.320129 
2 3 3.956262 
1 1 24.496395 
1 1 13.521344 
1 1 17.877157 
1 1 2.056964 
1 1 1.972703 
2 3 10.852948 
1 1 12.577818 
2 3 5.422692 
0 0 3.592016 
0 0 4.340729 
2 3 4.255576 
0 0 2.428188 
2 3 5.311293 
0 0 2.921325 
0 0 10.770299 
0 0 11.364256 
0 0 9.449233 
1 1 2.706526 
0 0 8.674416 
0 0 11.270635 
0 0 11.258503 
0 0 10.371156 
2 3 6.256116 
2 3 5.891624 
2 3 6.035006 
2 3 7.222454 
2 3 5.615662 
0 0 18.269568 
0 0 6.658835 
0 0 14.982448 
0 0 9.004564 
0 0 8.096109 
2 3 5.392538 
2 3 7.919714 
0 0 8.356144 
0 0 10.203576 
0 0 9.106000 
0 0 8.447036 
0 0 9.566751 
0 0 9.843272 
0 0 9.238142 
0 0 11.641652 
0 0 7.714283 
0 0 8.300079 
0 0 7.796878 
0 0 7.400995 
0 0 16.159129 
0 0 11.137834 
0 0 13.308733 
0 0 12.019068 
2 3 4.528153 
0 0 9.756976 
0 0 3.488837 
1 1 9.373720 
0 0 12.130172 
2 3 3.549487 
0 0 2.487117 
0 0 11.768389 
2 3 7.684668 
0 0 4.628462 
0 0 5.783782 
0 0 5.340663 
0 0 5.569940 
1 1 5.303843 
0 0 5.990999 
4 5 27.852879 
1 1 18.581751 
1 1 19.205016 
0 0 9.456192 
0 0 4.345061 
1 1 2.803638 
0 0 10.990869 
0 0 9.844106 
0 0 9.794437 
0 0 14.037753 
1 1 24.040227 
0 0 10.101032 
2 3 9.518947 
0 0 11.072861 
0 0 4.202448 
1 1 4.011764 
6 7 4.518846 
0 0 3.637118 
0 0 4.447541 
0 0 4.514138 
1 1 4.141917 
0 0 5.908394 
1 1 6.854434 
1 1 1.327182 
0 0 4.319462 
2 3 5.288762 
2 3 4.105703 
6 7 2.247049 
2 3 4.580579 
2 3 3.263334 
2 3 6.055335 
0 0 14.279472 
0 0 11.373222 
0 0 11.370600 
2 3 3.978279 
0 0 12.017668 
0 0 5.525744 
0 0 4.009749 
2 3 5.144072 
2 3 4.479338 
2 3 3.097508 
0 0 9.329746 
2 3 2.982685 
1 1 3.273519 
0 0 4.628905 
0 0 3.364492 
0 0 3.549400 
1 1 2.865933 
2 3 2.624037 
0 0 11.820546 
2 3 4.197560 
2 3 3.253349 
0 0 3.670399 
2 3 3.742560 
0 0 4.564345 
2 3 5.651150 
2 3 3.798331 
2 3 3.386598 
2 3 3.247945 
1 1 3.573376 
2 3 2.613316 
6 7 4.791470 
0 0 3.879316 
0 0 18.203340 
0 0 4.652207 
0 0 6.580748 
2 3 4.017913 
4 5 4.714920 
2 3 3.063784 
2 3 3.804400 
2 3 4.261153 
5 6 4.820750 
2 3 5.078091 
2 3 3.470819 
2 3 4.685736 
2 3 2.995248 
0 0 3.196094 
2 3 3.802375 
2 3 3.516372 
2 3 4.208037 
5 6 2.388400 
2 3 7.387659 
1 1 4.629918 
1 1 3.936193 
1 1 6.770086 
2 3 6.019144 
2 3 5.805002 
2 3 5.460597 
0 0 4.804958 
0 0 5.966669 
0 0 3.480709 
0 0 4.536187 
0 0 3.416684 
0 0 3.992329 
2 3 8.233834 
2 3 9.890838 
0 0 3.761018 
0 0 3.504349 
0 0 3.727240 
1 1 4.655175 
0 0 3.025513 
0 0 3.822573 
0 0 4.532305 
0 0 3.985092 
0 0 3.598327 
2 3 2.832384 
1 1 3.162914 
1 1 19.211012 
0 0 6.033679 
4 5 27.641344 
0 0 3.410402 
0 0 7.061012 
0 0 6.853628 
0 0 8.658088 
0 0 9.071749 
0 0 2.408636 
0 0 2.025251 
0 0 17.964743 
2 3 9.104344 
0 0 11.425202 
0 0 3.003590 
0 0 4.127738 
0 0 2.897044 
2 3 8.563011 
0 0 5.179252 
2 3 11.690596 
2 3 7.396633 
2 3 25.508586 
1 1 13.616257 
0 0 6.823663 
0 0 4.160226 
0 0 9.135979 
0 0 11.822103 
0 0 12.724293 
0 0 18.861512 
0 0 11.773822 
4 5 19.395843 
2 3 2.004216 
2 3 6.352048 
2 3 2.959497 
2 3 2.383297 
2 3 2.430644 
2 3 2.948443 
2 3 2.685724 
1 1 2.667479 
0 0 3.539913 
0 0 3.102443 
0 0 3.361645 
0 0 4.137248 
0 0 5.024872 
1 1 4.024253 
4 5 8.273736 
1 1 4.485268 
2 3 3.261041 
2 3 1.949084 
2 3 1.776331 
0 0 4.775447 
2 3 5.025565 
0 0 7.457746 
0 0 4.498377 
1 1 5.515471 
1 1 1.426945 
1 1 6.405149 
1 1 6.940979 
0 0 4.878190 
0 0 4.528729 
1 1 5.099331 
0 0 4.664032 
1 1 7.496264 
0 0 2.694543 
0 0 2.726241 
0 0 3.510511 
0 0 3.700294 
0 0 5.171820 
0 0 2.768021 
0 0 3.749993 
0 0 13.001900 
2 3 4.368352 
2 3 5.363989 
2 3 4.684114 
2 3 3.247467 
2 3 4.244576 
2 3 4.685665 
2 3 4.567605 
2 3 2.176231 
2 3 2.572238 
1 1 1.713149 
0 0 3.449187 
0 0 7.616899 
0 0 5.011967 
0 0 4.898238 
2 3 4.713432 
2 3 5.798653 
4 5 10.303194 
1 1 2.547712 
2 3 2.779085 
0 0 2.954707 
0 0 2.529375 
2 3 6.468383 
0 0 2.859385 
1 1 5.408872 
1 1 4.168434 
1 1 3.281183 
0 0 5.321963 
1 1 22.424006 
1 1 22.496877 
0 0 4.980581 
2 3 18.402301 
0 0 9.539105 
1 1 5.352540 
2 3 34.818033 
0 0 3.025152 
2 3 6.134582 
0 0 8.507165 
2 3 7.671150 
2 3 22.700658 
0 0 5.669859 
2 3 19.338600 
4 5 4.933068 
0 0 4.258057 
2 3 4.289971 
2 3 3.417076 
2 3 3.103647 
2 3 2.626947 
3 4 16.546891 
0 0 3.619196 
1 1 4.382425 
0 0 4.303100 
1 1 17.728594 
6 7 26.014865 
2 3 2.717411 
2 3 4.085066 
1 1 33.224850 
1 1 5.078635 
0 0 9.628935 
1 1 5.666848 
1 1 5.837113 
1 1 3.826935 
0 0 26.345748 
0 0 1.989171 
0 0 12.199155 
1 1 5.522694 
0 0 2.573083 
1 1 7.586477 
0 0 2.766844 
1 1 6.859688 
0 0 3.037468 
0 0 6.314377 
1 1 7.773846 
0 0 4.622764 
0 0 17.284397 
0 0 4.942027 
0 0 4.327383 
1 1 7.941993 
0 0 7.771794 
2 3 3.846998 
2 3 5.935572 
0 0 5.115255 
0 0 4.050996 
0 0 4.318618 
2 3 4.872124 
0 0 3.831359 
0 0 3.950251 
0 0 3.421792 
0 0 2.536540 
2 3 2.541790 
0 0 2.932445 
2 3 7.650747 
0 0 2.431671 
0 0 3.379506 
0 0 2.340149 
2 3 11.976732 
0 0 4.921829 
0 0 4.722221 
0 0 4.521375 
0 0 4.309346 
0 0 4.514973 
0 0 4.533368 
0 0 4.529378 
0 0 4.530488 
0 0 4.731596 
0 0 4.941976 
2 3 13.213561 
2 3 14.095953 
2 3 14.183721 
2 3 14.089206 
0 0 5.706287 
0 0 5.999988 
1 1 14.785924 
2 3 3.713116 
1 1 7.150519 
1 1 11.856377 
2 3 3.484291 
2 3 3.792391 
2 3 7.036705 
2 3 13.355456 
0 0 12.307179 
0 0 3.449930 
0 0 6.253460 
0 0 8.868855 
0 0 12.940050 
0 0 8.471172 
0 0 4.223848 
0 0 5.603233 
0 0 4.318418 
0 0 3.046203 
0 0 3.093067 
0 0 3.798248 
0 0 3.733899 
0 0 3.298640 
0 0 3.634969 
0 0 2.728074 
2 3 5.395081 
2 3 5.976915 
2 3 4.689577 
2 3 5.400954 
2 3 3.858999 
0 0 2.948375 
2 3 4.083079 
1 1 3.196773 
1 1 4.534834 
2 3 3.353569 
0 0 4.858909 
0 0 4.744837 
0 0 4.635195 
0 0 5.014032 
0 0 5.193655 
0 0 4.698032 
0 0 5.203987 
0 0 4.566880 
0 0 4.717353 
0 0 3.181525 
0 0 3.474318 
0 0 6.936479 
0 0 5.131598 
0 0 4.345701 
1 1 4.756662 
0 0 3.917681 
0 0 3.299666 
0 0 2.834461 
0 0 4.613220 
0 0 3.850212 
0 0 3.277478 
0 0 5.985449 
0 0 8.896630 
0 0 3.272617 
1 1 1.699289 
1 1 2.388715 
1 1 3.799693 
2 3 2.886998 
2 3 3.260370 
0 0 3.374240 
0 0 3.304345 
0 0 3.174547 
0 0 5.238714 
2 3 5.693463 
2 3 4.134506 
0 0 3.118522 
1 1 33.005058 
0 0 4.583774 
1 1 3.706909 
0 0 8.997087 
1 1 3.027177 
0 0 5.679643 
0 0 4.056234 
0 0 4.783243 
1 1 3.346317 
0 0 4.509393 
0 0 3.539850 
0 0 4.963709 
0 0 5.230728 
1 1 6.906517 
2 3 4.595719 
2 3 5.055277 
0 0 4.028130 
2 3 11.333247 
0 0 3.720288 
2 3 4.935004 
0 0 3.598856 
0 0 3.569238 
0 0 4.391019 
2 3 6.075430 
2 3 3.520315 
2 3 4.165745 
2 3 8.114743 
2 3 4.604536 
0 0 2.765886 
0 0 4.677767 
2 3 3.717573 
0 0 5.156976 
1 1 4.204600 
2 3 6.478943 
0 0 2.291869 
0 0 3.569232 
0 0 4.181714 
2 3 3.068564 
0 0 2.951579 
0 0 9.717353 
0 0 4.817366 
0 0 3.379866 
0 0 2.447656 
1 1 8.244820 
0 0 3.469617 
1 1 6.284195 
0 0 3.977046 
2 3 4.649069 
0 0 2.664898 
3 4 11.600279 
2 3 2.800563 
2 3 4.286554 
2 3 5.468471 
2 3 5.868843 
2 3 2.840911 
0 0 3.433786 
2 3 2.951116 
2 3 3.365858 
0 0 3.576550 
0 0 3.499340 
0 0 3.884801 
0 0 4.072263 
2 3 3.722386 
1 1 3.255957 
2 3 4.605439 
0 0 3.338214 
1 1 2.079876 
0 0 3.942262 
0 0 5.319644 
0 0 3.506300 
2 3 4.750078 
0 0 3.706327 
0 0 2.844204 
0 0 3.683340 
2 3 3.380645 
0 0 4.335792 
2 3 4.173076 
0 0 3.003237 
1 1 2.447642 
0 0 4.344564 
1 1 2.131062 
0 0 3.386308 
0 0 4.244208 
0 0 5.747906 
0 0 2.348274 
0 0 3.473664 
0 0 4.111647 
0 0 9.905955 
0 0 3.791293 
0 0 4.724420 
0 0 7.445529 
0 0 4.044600 
0 0 4.247639 
0 0 13.295697 
0 0 4.297978 
0 0 3.548775 
2 3 4.359629 
2 3 4.325514 
2 3 4.322339 
2 3 4.101041 
2 3 4.912181 
2 3 3.712764 
1 1 5.269991 
0 0 3.931315 
2 3 4.661999 
2 3 10.882561 
1 1 7.092884 
0 0 4.631098 
2 3 3.810701 
0 0 3.217394 
0 0 5.112305 
0 0 5.337901 
0 0 5.394010 
0 0 5.236757 
0 0 5.421694 
0 0 5.261135 
0 0 5.201246 
0 0 5.243344 
0 0 5.213098 
0 0 4.958174 
0 0 5.045963 
0 0 5.149010 
0 0 4.140152 
0 0 13.185406 
0 0 5.284835 
0 0 12.281255 
0 0 3.329157 
0 0 4.634453 
0 0 4.234225 
0 0 5.760177 
0 0 5.590616 
0 0 7.655882 
1 1 4.506405 
1 1 6.114460 
1 1 4.868525 
0 0 4.801763 
0 0 4.855606 
0 0 5.290356 
0 0 5.274121 
0 0 5.185577 
0 0 6.834159 
0 0 5.304521 
0 0 9.563662 
2 3 36.159304 
0 0 14.212666 
1 1 4.969057 
4 5 93.129087 
2 3 6.258207 
0 0 5.483957 
0 0 3.236371 
0 0 4.878318 
0 0 5.694906 
0 0 4.279264 
1 1 6.374827 
1 1 6.018354 
0 0 6.962390 
1 1 5.253474 
1 1 5.079675 
2 3 3.468551 
0 0 3.597738 
0 0 3.509759 
2 3 3.650386 
0 0 2.768628 
0 0 4.174216 
0 0 4.379579 
0 0 3.780250 
2 3 5.258174 
0 0 3.809306 
0 0 4.002438 
0 0 4.511701 
0 0 8.424516 
1 1 10.146108 
0 0 5.204138 
1 1 6.684486 
1 1 3.526320 
1 1 4.168217 
0 0 6.223673 
2 3 6.571280 
0 0 5.401613 
0 0 5.242085 
0 0 5.328715 
0 0 5.210223 
0 0 5.371801 
0 0 5.214812 
0 0 5.228260 
0 0 5.014566 
0 0 6.149365 
0 0 4.532488 
3 4 7.267962 
1 1 2.662496 
1 1 4.388673 
0 0 3.463543 
0 0 4.467789 
0 0 4.460538 
0 0 4.012133 
2 3 5.031198 
0 0 4.508558 
2 3 4.757141 
2 3 2.607087 
2 3 5.604686 
2 3 4.571646 
2 3 7.534485 
2 3 4.586222 
2 3 9.112395 
2 3 3.479893 
2 3 3.640721 
0 0 3.417228 
0 0 5.286823 
0 0 5.003362 
0 0 5.275520 
0 0 5.029964 
0 0 5.024706 
0 0 5.010762 
0 0 5.316094 
2 3 8.710748 
0 0 5.562075 
0 0 3.586423 
0 0 4.886138 
0 0 9.492818 
2 3 3.349922 
1 1 3.377474 
2 3 4.933702 
0 0 3.560325 
2 3 4.436988 
2 3 4.460344 
2 3 9.550343 
1 1 9.387955 
2 3 4.371555 
0 0 2.343777 
2 3 3.840444 
2 3 4.165656 
2 3 3.880077 
1 1 1.540393 
2 3 3.712929 
2 3 3.278660 
2 3 6.466309 
2 3 4.392730 
2 3 4.012707 
2 3 4.097754 
2 3 4.273814 
0 0 2.033513 
0 0 2.761584 
4 5 7.575066 
0 0 2.147410 
2 3 3.678994 
0 0 2.712001 
2 3 3.759771 
0 0 4.239177 
0 0 4.884663 
2 3 4.535723 
0 0 4.270471 
0 0 4.279032 
0 0 4.341982 
0 0 4.854921 
0 0 3.131616 
2 3 3.842084 
0 0 3.626993 
1 1 5.018325 
0 0 4.445914 
0 0 5.175782 
2 3 12.378538 
2 3 4.884853 
2 3 4.940895 
2 3 7.424044 
2 3 5.089327 
2 3 5.364787 
2 3 4.593798 
2 3 3.723868 
2 3 3.365783 
2 3 3.576499 
2 3 3.747028 
2 3 3.711958 
2 3 3.194508 
1 1 2.549775 
2 3 6.691110 
0 0 5.099608 
0 0 5.007780 
0 0 12.064046 
0 0 4.579500 
0 0 5.289561 
0 0 5.291467 
1 1 5.146669 
6 7 9.292624 
2 3 7.508605 
2 3 4.464977 
2 3 3.862515 
2 3 5.370961 
2 3 4.910311 
2 3 10.240473 
2 3 2.910460 
1 1 2.532106 
2 3 4.950192 
2 3 3.501388 
2 3 3.610662 
1 1 3.135138 
0 0 4.373842 
2 3 3.797743 
2 3 3.231766 
0 0 2.931511 
0 0 3.000315 
1 1 3.866273 
0 0 2.141667 
0 0 3.496941 
1 1 3.765741 
0 0 3.063509 
0 0 2.943406 
0 0 3.687796 
1 1 4.464847 
0 0 4.413260 
2 3 8.804452 
2 3 6.248241 
0 0 2.961812 
0 0 3.372051 
0 0 4.203081 
2 3 3.797964 
2 3 4.970962 
2 3 4.982935 
2 3 4.875317 
2 3 4.957895 
2 3 4.985690 
2 3 5.096539 
2 3 9.826070 
2 3 4.335733 
2 3 6.042726 
2 3 10.209231 
2 3 7.843385 
0 0 4.432533 
0 0 4.531928 
0 0 4.173997 
0 0 4.081958 
2 3 5.237981 
0 0 4.894703 
0 0 2.660427 
1 1 3.690250 
0 0 2.705132 
0 0 3.269113 
1 1 1.449971 
2 3 3.312291 
2 3 3.894538 
2 3 4.278748 
0 0 1.878374 
0 0 2.103544 
0 0 3.461918 
1 1 2.610477 
2 3 4.540739 
2 3 3.687415 
2 3 4.798971 
2 3 3.711742 
2 3 11.550767 
2 3 4.900514 
2 3 4.921691 
2 3 5.006137 
2 3 4.927501 
2 3 3.985738 
5 6 5.927865 
0 0 5.812716 
0 0 2.472358 
0 0 8.319149 
1 1 5.499486 
0 0 6.018373 
0 0 11.586425 
0 0 5.364681 
0 0 9.913570 
0 0 6.646460 
7 8 9.994534 
4 5 10.886804 
2 3 5.564149 
0 0 1.775889 
2 3 4.219410 
2 3 4.017929 
0 0 6.268950 
2 3 6.783791 
2 3 3.675334 
2 3 3.364181 
0 0 4.075472 
0 0 4.385016 
0 0 4.072231 
0 0 3.738590 
0 0 3.553599 
1 1 6.443596 
0 0 6.030317 
0 0 10.014652 
2 3 10.404964 
2 3 10.171372 
0 0 4.472060 
1 1 3.504326 
0 0 3.922642 
2 3 9.660350 
0 0 4.940970 
0 0 5.393608 
2 3 3.298398 
2 3 4.510731 
0 0 7.637775 
2 3 4.700353 
2 3 4.508511 
2 3 4.431873 
1 1 3.884871 
0 0 1.882120 
2 3 4.289417 
2 3 3.985644 
2 3 7.342471 
0 0 3.938911 
0 0 2.707697 
2 3 3.728432 
0 0 5.559803 
0 0 4.930706 
0 0 4.802167 
0 0 4.802547 
0 0 3.872851 
2 3 3.701558 
0 0 3.721019 
0 0 5.559236 
0 0 5.856849 
0 0 5.719990 
0 0 5.720093 
0 0 7.098040 
0 0 2.563423 
0 0 2.803565 
0 0 3.044751 
0 0 3.855169 
0 0 3.448408 
0 0 2.886895 
0 0 2.760039 
2 3 5.003456 
1 1 4.438079 
0 0 10.269768 
2 3 4.749563 
0 0 3.668204 
2 3 4.696326 
2 3 3.658084 
0 0 3.474084 
0 0 3.248169 
0 0 3.854577 
0 0 3.385767 
0 0 3.750358 
0 0 4.563168 
0 0 3.376517 
0 0 4.105232 
0 0 4.837227 
0 0 4.888842 
0 0 5.224723 
0 0 4.926577 
0 0 4.667514 
2 3 4.985313 
0 0 4.575106 
0 0 4.899014 
0 0 4.692135 
0 0 3.365652 
0 0 3.638611 
0 0 3.838694 
0 0 4.403368 
2 3 3.919103 
0 0 4.877995 
0 0 4.760541 
0 0 12.733959 
0 0 10.904186 
0 0 10.985275 
2 3 7.708305 
0 0 4.273777 
0 0 6.932093 
0 0 6.814180 
1 1 4.764477 
0 0 3.632208 
0 0 5.164254 
1 1 7.713747 
0 0 3.884323 
0 0 4.674476 
2 3 5.560782 
1 1 5.884107 
2 3 5.889987 
2 3 4.023596 
2 3 5.155642 
2 3 3.464129 
2 3 7.981896 
2 3 5.648802 
2 3 4.231494 
1 1 1.472854 
1 1 1.491296 
2 3 3.033872 
0 0 3.399264 
2 3 4.639551 
2 3 3.345682 
2 3 3.270886 
2 3 3.225577 
2 3 3.313216 
2 3 3.805411 
2 3 4.022130 
2 3 4.389005 
0 0 10.275948 
2 3 3.579697 
0 0 5.658728 
2 3 4.612430 
0 0 4.737880 
0 0 5.198688 
0 0 2.393646 
0 0 4.506936 
0 0 5.220521 
0 0 5.086446 
2 3 4.782431 
0 0 6.910655 
2 3 4.383875 
2 3 4.421881 
3 4 10.542358 
0 0 3.991824 
2 3 5.253948 
2 3 5.611145 
2 3 4.573188 
1 1 14.932786 
2 3 3.883545 
0 0 6.309264 
0 0 6.708359 
0 0 5.399097 
0 0 3.687212 
2 3 9.983097 
2 3 5.011425 
0 0 9.751199 
0 0 4.836840 
2 3 6.621221 
0 0 4.106319 
1 1 3.826407 
2 3 3.669504 
2 3 4.246260 
1 1 2.128883 
0 0 3.914559 
2 3 5.097489 
0 0 8.732110 
0 0 4.321383 
0 0 5.122930 
0 0 5.811390 
0 0 2.594633 
1 1 3.744494 
2 3 4.433955 
2 3 5.427899 
2 3 5.421730 
2 3 4.084047 
2 3 4.237453 
2 3 3.618964 
0 0 3.864153 
2 3 3.656813 
0 0 2.441042 
0 0 2.366283 
0 0 3.464038 
2 3 5.443325 
2 3 3.054967 
0 0 3.058061 
2 3 3.735178 
2 3 10.060881 
2 3 7.395071 
0 0 5.261962 
1 1 6.431202 
2 3 3.310955 
1 1 2.616218 
2 3 4.812853 
2 3 5.199236 
0 0 3.309647 
0 0 4.639397 
2 3 5.204040 
0 0 3.620386 
0 0 5.129082 
0 0 5.472764 
0 0 5.270993 
1 1 5.248290 
0 0 3.509707 
0 0 3.939821 
0 0 6.320099 
0 0 5.015649 
1 1 10.144154 
1 1 16.193661 
0 0 8.022991 
0 0 7.369959 
2 3 4.444893 
0 0 10.842456 
0 0 7.591650 
2 3 4.834028 
2 3 5.235048 
2 3 8.803222 
2 3 5.837296 
2 3 5.426593 
2 3 6.056414 
0 0 2.800060 
0 0 2.902544 
1 1 8.466616 
0 0 2.673716 
2 3 5.927581 
0 0 4.626926 
0 0 5.000778 
0 0 4.162226 
0 0 4.483144 
0 0 4.454178 
0 0 4.033457 
1 1 2.304389 
0 0 2.925696 
0 0 3.708282 
2 3 4.276460 
0 0 4.980476 
0 0 4.306209 
0 0 3.721022 
2 3 7.846995 
2 3 5.418786 
2 3 5.390473 
2 3 5.513266 
2 3 5.263442 
0 0 5.970781 
2 3 5.937015 
4 5 25.518129 
2 3 4.202020 
1 1 3.049521 
2 3 9.595592 
2 3 5.014087 
0 0 3.670043 
2 3 3.617985 
0 0 3.118263 
0 0 4.702744 
1 1 2.488962 
1 1 2.438684 
1 1 2.464647 
1 1 5.991958 
1 1 6.292558 
1 1 7.006464 
2 3 4.380768 
2 3 6.855767 
2 3 7.668342 
2 3 4.645469 
2 3 4.022899 
0 0 2.247299 
0 0 3.080183 
0 0 4.987015 
0 0 5.393594 
0 0 1.963278 
2 3 3.936753 
2 3 3.363179 
2 3 6.916811 
2 3 8.475964 
0 0 12.134943 
1 1 5.153023 
0 0 4.593512 
1 1 11.086525 
0 0 5.767520 
0 0 5.365289 
0 0 6.202559 
0 0 2.874254 
0 0 4.691673 
0 0 3.239345 
0 0 3.057823 
1 1 4.015762 
1 1 4.147114 
0 0 6.072059 
0 0 4.405088 
0 0 2.796715 
1 1 1.990515 
1 1 1.627293 
1 1 2.213300 
1 1 1.745823 
1 1 9.033862 
1 1 5.539254 
1 1 3.741828 
1 1 6.575031 
0 0 4.544180 
2 3 7.103620 
1 1 6.877704 
2 3 4.673999 
2 3 8.737933 
1 1 15.855872 
0 0 5.456776 
0 0 5.259025 
0 0 5.809814 
0 0 6.002469 
0 0 5.641421 
0 0 5.809990 
0 0 5.613247 
0 0 4.585948 
2 3 9.423296 
2 3 3.196731 
2 3 8.038410 
2 3 9.371853 
2 3 10.443313 
2 3 3.139828 
2 3 5.768653 
2 3 4.456116 
2 3 4.435963 
2 3 7.150640 
2 3 7.952757 
2 3 16.329241 
0 0 3.182497 
0 0 5.618127 
0 0 5.794574 
0 0 5.613484 
0 0 5.606250 
0 0 5.617165 
0 0 5.745924 
0 0 5.651258 
0 0 5.638758 
0 0 5.472005 
1 1 5.004079 
0 0 4.345026 
0 0 4.839114 
0 0 5.032984 
0 0 3.386270 
0 0 5.623283 
0 0 3.354381 
0 0 5.685724 
0 0 5.481382 
0 0 5.110724 
0 0 3.129266 
0 0 10.196024 
0 0 5.387994 
0 0 4.103843 
0 0 3.689161 
0 0 3.618833 
0 0 3.538483 
1 1 3.956837 
3 4 5.231136 
0 0 4.967445 
0 0 3.284741 
0 0 2.849242 
0 0 4.018694 
0 0 3.341230 
0 0 3.607347 
0 0 3.537610 
0 0 2.228682 
1 1 3.153045 
1 1 2.746587 
1 1 3.990144 
1 1 2.527614 
2 3 3.395588 
2 3 4.207885 
2 3 2.968477 
2 3 5.521373 
0 0 3.437488 
0 0 2.822040 
0 0 3.574791 
0 0 4.552157 
0 0 5.224398 
0 0 5.188540 
0 0 5.229521 
0 0 5.427720 
0 0 5.358693 
0 0 1.933436 
0 0 2.287061 
2 3 4.062723 
2 3 3.692823 
4 5 12.615718 
2 3 4.020343 
2 3 4.057412 
2 3 4.653813 
3 4 10.319162 
0 0 3.050920 
0 0 2.989612 
0 0 2.749074 
0 0 2.207017 
0 0 2.302252 
0 0 4.332773 
0 0 2.674651 
2 3 3.321235 
1 1 5.958294 
0 0 3.748503 
1 1 5.486149 
1 1 5.776093 
2 3 3.864453 
0 0 4.080848 
1 1 2.033989 
2 3 4.590779 
0 0 5.685724 
2 3 3.005047 
4 5 11.606804 
2 3 4.181352 
2 3 6.749331 
2 3 10.349926 
2 3 11.107571 
0 0 3.514002 
0 0 2.521195 
1 1 2.902539 
2 3 4.483938 
1 1 4.600272 
1 1 8.548585 
0 0 5.520100 
0 0 4.739423 
0 0 7.316924 
0 0 6.127282 
1 1 6.622653 
0 0 6.955529 
1 1 6.878478 
2 3 18.418028 
2 3 4.568536 
2 3 3.001624 
2 3 5.602632 
0 0 2.797318 
0 0 4.959710 
0 0 3.157696 
0 0 3.002525 
0 0 4.172310 
0 0 3.450699 
1 1 5.831199 
2 3 3.218261 
1 1 6.131153 
2 3 4.084751 
2 3 4.405460 
0 0 4.115097 
2 3 3.346251 
0 0 3.813662 
0 0 5.903546 
2 3 7.117049 
1 1 4.905469 
2 3 6.465291 
2 3 7.974193 
2 3 5.424129 
0 0 3.505541 
0 0 4.912423 
0 0 3.113209 
0 0 3.019302 
1 1 2.957902 
0 0 3.391310 
1 1 7.903762 
0 0 3.523738 
0 0 5.447244 
0 0 3.627376 
1 1 2.276234 
0 0 5.475161 
0 0 2.907761 
0 0 3.168200 
0 0 5.711320 
0 0 5.822486 
0 0 5.294338 
0 0 2.736778 
2 3 4.496032 
2 3 3.989742 
0 0 3.503153 
0 0 1.813702 
0 0 2.312272 
2 3 3.445353 
0 0 2.426665 
1 1 4.502782 
0 0 2.167330 
0 0 3.747133 
2 3 3.525469 
0 0 1.989537 
0 0 2.885939 
0 0 2.739928 
0 0 3.346639 
2 3 3.644634 
2 3 3.186170 
2 3 3.472535 
2 3 3.227968 
0 0 2.912575 
0 0 3.482821 
1 1 3.077541 
0 0 4.713385 
2 3 5.388460 
2 3 2.783407 
0 0 2.215116 
0 0 2.701025 
1 1 1.470029 
2 3 3.415905 
2 3 3.737276 
0 0 2.455476 
0 0 2.864555 
1 1 2.996856 
0 0 6.131080 
0 0 5.939379 
0 0 5.812327 
0 0 6.119345 
0 0 6.254426 
0 0 6.198595 
0 0 5.902031 
0 0 6.526606 
0 0 5.557298 
0 0 5.893465 
0 0 5.762714 
0 0 5.771261 
0 0 5.745361 
0 0 4.532509 
0 0 3.611026 
2 3 2.871408 
2 3 2.510305 
0 0 10.648528 
1 1 9.728992 
2 3 4.506926 
0 0 4.196688 
0 0 5.748604 
0 0 4.829423 
0 0 4.708886 
0 0 3.654218 
0 0 3.428349 
0 0 3.194405 
0 0 5.348781 
4 5 2.869066 
0 0 2.937126 
0 0 11.472574 
0 0 3.959126 
2 3 4.429893 
2 3 2.837610 
2 3 2.939793 
2 3 3.923689 
2 3 3.593125 
2 3 4.344482 
2 3 4.819754 
2 3 3.883961 
1 1 5.169882 
0 0 5.037574 
0 0 4.899343 
0 0 4.966330 
0 0 4.815845 
0 0 3.857747 
1 1 5.924242 
1 1 3.878557 
2 3 3.852007 
2 3 2.520392 
2 3 2.859025 
2 3 4.060999 
0 0 4.030428 
1 1 1.760972 
0 0 3.300080 
1 1 2.155531 
1 1 1.810474 
2 3 3.842953 
2 3 2.452642 
1 1 5.858456 
1 1 6.857222 
1 1 6.806879 
1 1 10.555526 
1 1 2.104556 
0 0 2.494767 
1 1 2.711721 
2 3 3.224743 
0 0 6.075835 
0 0 5.844618 
3 4 3.365742 
0 0 12.929133 
0 0 1.938020 
2 3 2.143602 
2 3 2.539461 
0 0 5.670455 
0 0 3.906316 
0 0 2.200676 
0 0 4.423018 
0 0 4.922064 
0 0 3.316687 
0 0 5.868279 
0 0 4.963129 
0 0 5.521914 
0 0 5.557390 
0 0 3.972594 
0 0 4.644082 
0 0 5.177478 
0 0 4.950589 
0 0 4.239309 
2 3 4.053230 
2 3 4.384937 
2 3 2.481095 
2 3 4.378314 
2 3 4.320425 
0 0 5.411425 
2 3 4.451358 
2 3 5.069834 
2 3 3.294083 
0 0 3.956350 
0 0 4.635476 
0 0 3.841415 
1 1 5.215387 
0 0 5.103022 
0 0 4.301840 
0 0 3.709708 
0 0 4.698484 
0 0 4.450774 
0 0 5.487347 
0 0 9.585025 
0 0 7.314388 
0 0 4.354147 
0 0 3.526282 
0 0 4.289560 
2 3 19.103698 
2 3 6.041660 
0 0 14.728653 
0 0 16.547463 
3 4 24.255512 
1 1 3.420145 
0 0 5.061932 
0 0 3.332102 
0 0 9.509358 
0 0 4.601353 
0 0 5.128793 
0 0 7.137923 
0 0 3.094126 
0 0 4.592224 
3 4 7.693735 
1 1 25.385769 
0 0 15.963522 
0 0 3.419309 
0 0 15.831052 
0 0 25.163255 
0 0 3.122938 
0 0 3.442385 
0 0 3.310471 
2 3 8.956435 
0 0 6.773207 
1 1 7.760433 
0 0 5.277567 
0 0 7.231483 
1 1 7.105787 
2 3 6.025454 
0 0 5.210064 
0 0 4.479886 
0 0 7.916077 
2 3 4.809529 
1 1 6.351111 
2 3 3.583816 
2 3 3.555231 
2 3 3.155179 
2 3 3.867316 
1 1 2.436807 
0 0 13.955558 
0 0 14.482551 
0 0 7.586264 
0 0 5.097104 
0 0 16.603243 
0 0 4.953019 
4 5 22.363586 
1 1 3.992480 
1 1 4.481533 
2 3 6.573101 
1 1 4.645860 
2 3 3.237747 
0 0 4.639767 
2 3 1.647270 
2 3 3.513547 
2 3 6.092483 
2 3 5.074953 
0 0 6.918010 
0 0 5.796945 
0 0 3.674208 
0 0 3.372069 
0 0 2.633941 
0 0 5.504803 
1 1 4.703659 
0 0 5.185338 
0 0 5.663844 
1 1 2.412551 
1 1 2.388464 
1 1 2.427707 
2 3 4.476165 
1 1 4.821927 
0 0 13.369929 
0 0 4.715629 
1 1 3.424951 
0 0 4.350508 
0 0 3.415123 
0 0 4.415540 
0 0 4.732821 
0 0 3.996019 
0 0 4.906044 
0 0 4.029466 
1 1 4.888553 
2 3 4.641458 
2 3 4.310590 
0 0 4.399485 
0 0 3.981995 
0 0 6.819053 
2 3 7.777203 
0 0 4.079650 
1 1 6.220213 
0 0 4.735888 
0 0 3.949124 
0 0 2.811736 
2 3 2.980280 
2 3 3.885904 
0 0 7.472182 
0 0 5.099076 
0 0 4.670971 
0 0 3.916874 
1 1 2.992641 
0 0 5.043081 
0 0 2.380343 
0 0 4.514826 
0 0 5.805626 
0 0 3.635854 
0 0 3.387582 
1 1 4.166137 
1 1 4.409129 
1 1 9.328457 
1 1 4.878264 
0 0 2.733301 
0 0 2.509329 
0 0 2.822983 
0 0 2.874209 
0 0 4.372188 
1 1 3.887201 
4 5 3.982109 
2 3 3.770076 
0 0 4.506978 
0 0 4.233305 
0 0 3.539555 
1 1 4.710321 
0 0 3.330460 
1 1 2.891330 
0 0 3.276898 
0 0 5.991894 
0 0 6.228349 
4 5 6.278341 
2 3 7.404905 
2 3 8.006099 
0 0 6.021343 
0 0 6.124616 
0 0 5.105804 
0 0 6.830269 
0 0 6.831938 
0 0 8.100543 
1 1 2.421161 
0 0 4.501439 
1 1 1.521182 
0 0 3.653831 
1 1 4.832829 
0 0 2.881909 
0 0 3.627236 
0 0 4.150498 
0 0 4.548572 
0 0 6.724875 
0 0 5.455456 
0 0 3.391326 
1 1 3.543591 
3 4 5.848564 
1 1 2.481415 
1 1 5.347126 
0 0 3.853170 
1 1 4.660678 
1 1 3.765226 
0 0 3.263328 
4 5 8.979112 
0 0 4.554713 
2 3 4.354633 
1 1 2.944400 
2 3 3.590243 
2 3 4.446667 
2 3 3.893936 
2 3 7.264791 
2 3 5.598435 
1 1 13.057300 
0 0 12.987457 
2 3 10.108344 
2 3 4.633204 
2 3 3.863072 
2 3 3.184318 
2 3 2.442320 
2 3 2.009806 
2 3 2.591229 
2 3 2.519168 
2 3 3.796764 
0 0 3.045586 
1 1 6.590549 
0 0 5.640904 
2 3 6.301590 
2 3 3.969402 
2 3 3.552698 
0 0 3.628586 
0 0 4.411025 
0 0 4.019066 
2 3 6.827890 
2 3 9.364767 
2 3 4.055285 
1 1 2.604335 
1 1 3.538741 
1 1 3.037625 
3 4 6.892999 
2 3 2.682945 
2 3 5.553376 
0 0 6.273298 
2 3 4.789848 
2 3 2.733794 
2 3 2.636733 
2 3 2.380130 
0 0 4.547175 
0 0 13.084029 
1 1 3.272614 
1 1 2.905304 
1 1 9.702403 
1 1 5.219529 
0 0 6.055122 
0 0 4.328769 
0 0 5.905730 
2 3 4.027977 
0 0 2.518711 
0 0 2.710492 
0 0 4.652572 
0 0 4.780799 
1 1 4.949789 
1 1 4.632398 
1 1 1.649885 
0 0 3.835064 
0 0 12.352807 
0 0 4.399110 
1 1 6.704786 
2 3 8.166148 
2 3 11.670963 
1 1 5.840395 
2 3 3.765432 
1 1 5.164896 
0 0 3.582601 
0 0 13.468444 
0 0 11.670997 
0 0 6.357657 
0 0 10.318818 
0 0 10.423949 
1 1 5.286020 
0 0 7.395107 
1 1 3.070733 
2 3 2.686876 
2 3 3.157753 
1 1 9.140073 
0 0 2.352879 
0 0 2.191473 
0 0 5.386911 
0 0 3.460453 
1 1 5.566390 
0 0 4.709374 
0 0 4.939115 
1 1 2.144623 
3 4 7.681692 
0 0 4.887498 
1 1 6.175533 
1 1 6.596508 
0 0 3.777073 
1 1 9.036920 
0 0 4.652925 
0 0 9.300059 
0 0 3.565970 
1 1 4.349414 
4 5 37.579453 
1 1 4.985211 
2 3 4.347676 
2 3 5.102858 
0 0 6.816643 
0 0 3.704232 
1 1 3.927198 
0 0 5.342057 
0 0 4.178684 
0 0 3.349346 
0 0 3.274973 
0 0 4.641831 
0 0 3.481402 
1 1 6.858047 
0 0 4.584781 
0 0 4.461773 
0 0 4.455887 
0 0 5.865530 
1 1 6.462206 
0 0 3.570832 
0 0 3.729087 
1 1 4.665693 
0 0 4.030794 
1 1 4.013474 
0 0 3.167472 
0 0 2.601971 
1 1 3.178175 
1 1 3.331065 
2 3 4.619619 
0 0 2.560385 
0 0 2.670779 
0 0 2.905249 
2 3 14.941269 
0 0 10.148167 
0 0 2.867978 
1 1 4.277694 
4 5 6.035849 
0 0 5.135580 
0 0 2.811682 
4 5 44.481675 
0 0 4.453827 
0 0 6.413784 
0 0 14.060888 
0 0 15.019670 
0 0 13.630858 
2 3 2.241776 
2 3 3.416306 
2 3 4.806775 
2 3 3.781516 
2 3 2.461202 
2 3 5.081367 
2 3 10.272541 
4 5 12.575539 
1 1 4.106422 
2 3 6.907229 
0 0 5.529511 
1 1 3.529719 
2 3 9.089010 
2 3 8.545882 
0 0 4.694005 
0 0 5.021323 
0 0 4.977985 
0 0 3.424643 
0 0 4.907634 
0 0 3.129812 
0 0 4.442804 
0 0 4.116201 
0 0 5.449415 
0 0 4.184959 
1 1 2.825617 
0 0 1.951507 
0 0 3.044682 
0 0 3.339728 
0 0 2.598553 
2 3 4.900487 
0 0 7.145977 
2 3 7.312382 
1 1 11.589281 
2 3 7.884590 
2 3 2.647703 
2 3 2.257853 
2 3 3.171986 
2 3 2.498211 
0 0 6.943553 
0 0 4.643524 
2 3 4.567791 
0 0 29.373039 
2 3 10.785568 
0 0 17.014818 
0 0 25.212145 
1 1 3.929513 
0 0 7.096825 
0 0 3.669494 
1 1 7.265390 
0 0 5.838293 
1 1 2.875471 
1 1 4.739522 
1 1 5.873076 
0 0 10.720677 
0 0 11.876557 
3 4 6.283387 
1 1 4.156110 
0 0 3.541630 
1 1 4.649096 
1 1 4.948754 
0 0 7.902605 
1 1 2.691995 
0 0 3.429210 
0 0 3.247527 
0 0 3.042656 
0 0 3.247402 
2 3 4.821786 
3 4 14.014525 
5 6 8.251617 
2 3 2.853191 
2 3 3.300775 
2 3 3.101085 
2 3 2.851910 
2 3 3.164612 
0 0 17.612455 
2 3 3.529134 
2 3 3.382896 
0 0 5.696937 
0 0 7.305488 
0 0 5.592313 
0 0 5.437786 
0 0 9.012635 
0 0 14.223881 
0 0 10.093328 
2 3 3.724522 
2 3 3.602875 
0 0 16.944256 
0 0 3.615889 
2 3 3.018417 
2 3 9.623693 
2 3 3.680280 
0 0 4.598639 
0 0 3.889090 
2 3 3.511050 
2 3 3.684839 
0 0 4.960199 
0 0 6.095193 
0 0 2.679028 
0 0 4.924743 
2 3 6.253743 
0 0 4.779078 
0 0 5.846398 
1 1 6.589002 
0 0 2.830833 
0 0 3.953797 
0 0 6.056559 
0 0 25.881203 
0 0 2.373654 
0 0 4.340590 
2 3 10.438802 
1 1 2.802134 
1 1 1.837450 
0 0 2.499618 
2 3 3.377647 
0 0 2.498869 
2 3 5.691726 
0 0 6.384598 
0 0 6.001399 
2 3 9.213467 
0 0 6.109345 
2 3 5.842547 
2 3 7.659683 
2 3 3.714480 
1 1 3.106574 
0 0 4.220120 
2 3 4.151116 
0 0 5.115252 
0 0 4.767322 
0 0 8.160381 
0 0 8.833286 
1 1 17.193752 
0 0 5.878224 
1 1 2.033028 
2 3 3.632313 
2 3 10.522437 
4 5 9.792839 
2 3 3.310726 
4 5 33.915444 
2 3 3.859958 
2 3 4.241005 
2 3 3.368188 
0 0 3.422985 
2 3 5.548890 
0 0 3.782871 
0 0 7.908551 
0 0 6.931143 
1 1 7.000579 
4 5 14.007201 
0 0 23.048507 
2 3 4.219292 
1 1 11.887231 
0 0 3.894640 
0 0 3.843515 
2 3 4.059698 
2 3 7.294021 
0 0 3.700621 
2 3 11.687350 
0 0 4.991378 
1 1 7.109852 
1 1 2.375772 
2 3 9.522695 
0 0 3.799207 
2 3 14.530742 
1 1 2.551815 
1 1 2.926427 
0 0 11.950373 
1 1 3.302466 
0 0 4.108522 
0 0 4.207956 
0 0 5.003902 
0 0 3.741988 
0 0 4.043035 
2 3 5.852823 
1 1 6.655131 
0 0 6.113700 
2 3 4.478411 
2 3 3.474977 
0 0 8.499142 
2 3 3.716809 
2 3 2.868192 
2 3 6.302323 
2 3 5.621214 
3 4 11.511813 
2 3 6.865109 
2 3 2.877469 
1 1 2.159693 
1 1 6.221343 
0 0 3.301480 
0 0 5.905572 
0 0 2.536038 
0 0 5.620320 
2 3 3.167977 
1 1 4.622012 
0 0 3.130133 
0 0 4.351409 
0 0 17.902095 
0 0 3.854634 
1 1 7.978124 
1 1 1.252791 
0 0 4.146606 
2 3 5.896003 
2 3 5.934861 
2 3 5.441609 
2 3 5.185199 
2 3 17.823520 
2 3 5.072339 
2 3 5.414794 
4 5 0.414054 
0 0 5.554804 
2 3 11.975850 
0 0 12.377215 
2 3 10.024889 
1 1 9.619609 
0 0 14.480844 
0 0 12.769669 
1 1 7.192474 
1 1 2.788564 
1 1 11.614719 
0 0 12.878201 
0 0 29.250274 
0 0 11.448359 
1 1 2.723517 
0 0 2.028716 
0 0 3.847430 
0 0 7.953129 
0 0 3.999554 
0 0 10.194491 
0 0 8.621847 
0 0 10.652462 
0 0 9.056410 
2 3 4.702762 
2 3 4.623637 
2 3 4.716292 
0 0 6.009511 
2 3 7.422385 
0 0 2.397867 
1 1 10.685259 
1 1 13.579500 
0 0 2.311353 
1 1 14.544451 
1 1 7.233750 
1 1 6.662670 
1 1 6.004618 
0 0 6.323145 
0 0 3.680209 
0 0 4.264034 
0 0 7.523880 
0 0 4.288044 
0 0 4.130497 
0 0 8.341339 
0 0 5.442557 
2 3 3.010105 
2 3 3.410039 
0 0 3.472565 
0 0 2.301884 
1 1 3.762771 
1 1 1.380702 
0 0 1.637892 
0 0 1.652786 
0 0 2.126274 
0 0 5.242246 
1 1 3.353617 
0 0 12.970517 
0 0 3.194484 
1 1 3.436683 
0 0 4.107241 
2 3 11.458274 
2 3 6.727856 
2 3 20.702544 
2 3 4.745394 
2 3 5.135103 
2 3 6.450704 
2 3 7.442580 
2 3 5.663001 
2 3 4.730216 
2 3 5.340553 
2 3 3.491769 
2 3 5.629045 
2 3 5.655208 
2 3 5.312015 
1 1 6.894452 
1 1 2.056210 
0 0 3.984703 
0 0 3.473097 
2 3 6.132581 
0 0 4.085656 
0 0 4.191670 
1 1 2.338969 
0 0 4.120622 
0 0 15.642596 
2 3 6.528321 
2 3 6.077578 
2 3 7.555678 
0 0 3.345416 
3 4 19.665616 
1 1 2.619098 
1 1 3.182968 
0 0 2.069183 
2 3 9.862444 
2 3 15.184635 
2 3 20.528990 
2 3 4.353647 
0 0 3.946297 
2 3 3.794194 
0 0 4.295993 
4 5 4.078275 
0 0 3.488862 
1 1 6.585198 
0 0 6.307264 
0 0 8.037024 
2 3 4.766534 
0 0 4.574785 
0 0 4.451456 
0 0 4.065290 
0 0 8.966349 
1 1 3.225672 
0 0 3.118295 
2 3 4.583318 
2 3 3.145873 
0 0 3.366114 
0 0 3.311826 
0 0 9.816979 
2 3 5.531605 
2 3 4.339804 
2 3 3.147987 
2 3 15.467042 
2 3 10.608356 
0 0 3.634474 
2 3 9.145634 
2 3 4.893533 
0 0 3.651434 
0 0 4.373722 
0 0 3.687205 
0 0 3.599926 
0 0 4.092072 
0 0 3.898006 
0 0 4.685197 
0 0 5.331547 
2 3 5.660436 
2 3 4.673870 
2 3 4.780273 
2 3 5.884025 
2 3 5.580946 
4 5 8.438116 
0 0 3.606938 
0 0 5.507938 
0 0 3.047571 
0 0 6.057936 
2 3 6.928254 
0 0 3.109609 
0 0 9.640225 
0 0 3.459983 
0 0 2.514855 
0 0 3.546892 
0 0 4.438649 
0 0 5.396484 
0 0 4.020895 
0 0 3.819131 
1 1 0.916138 
0 0 6.318902 
0 0 4.467860 
2 3 6.305312 
2 3 11.793290 
2 3 4.560521 
2 3 4.774545 
0 0 5.460058 
2 3 7.260751 
2 3 13.367965 
2 3 4.274340 
1 1 7.225304 
2 3 6.969583 
2 3 7.597473 
2 3 7.115918 
1 1 6.078186 
2 3 4.614726 
0 0 7.507295 
2 3 4.561793 
2 3 7.399922 
0 0 8.064059 
0 0 5.244135 
0 0 6.022572 
2 3 4.325265 
2 3 4.304515 
0 0 5.003013 
0 0 5.871013 
0 0 5.760559 
0 0 5.766167 
0 0 5.747019 
0 0 5.791259 
2 3 5.508890 
0 0 5.741879 
0 0 5.406493 
1 1 5.241781 
0 0 11.930516 
1 1 5.710386 
2 3 4.979513 
2 3 5.054118 
2 3 19.868016 
0 0 3.551365 
0 0 3.440397 
2 3 4.539350 
0 0 5.171331 
2 3 7.048490 
2 3 4.436775 
2 3 8.029967 
2 3 4.857938 
2 3 6.802914 
2 3 7.526685 
0 0 7.412008 
0 0 15.574239 
0 0 11.496018 
0 0 11.598916 
0 0 11.023981 
0 0 12.198889 
0 0 11.612838 
0 0 5.898234 
2 3 7.523682 
0 0 5.919932 
0 0 5.958928 
0 0 5.925907 
0 0 5.893336 
0 0 7.524903 
2 3 15.848480 
0 0 5.751708 
0 0 5.736494 
0 0 5.739501 
3 4 48.313133 
1 1 14.785074 
1 1 12.603043 
1 1 1.303510 
2 3 11.868424 
0 0 13.094008 
1 1 3.917269 
1 1 3.457731 
2 3 21.432484 
0 0 3.816008 
2 3 3.619357 
1 1 2.846891 
0 0 3.824663 
0 0 3.722304 
2 3 4.203353 
2 3 13.634130 
2 3 14.004189 
0 0 7.353764 
2 3 5.660578 
2 3 5.872262 
2 3 4.267141 
0 0 5.027273 
1 1 3.531343 
6 7 4.964664 
2 3 4.077815 
0 0 4.476030 
1 1 3.055672 
0 0 5.274582 
1 1 4.407832 
0 0 6.937784 
0 0 8.508729 
2 3 3.665228 
7 8 2.424433 
0 0 3.962540 
2 3 7.833319 
0 0 4.617294 
0 0 5.079910 
0 0 5.166685 
0 0 5.072292 
0 0 5.234066 
0 0 3.022013 
2 3 4.175685 
2 3 10.464641 
2 3 8.943872 
4 5 14.302911 
0 0 9.797828 
7 8 13.894834 
1 1 7.082047 
0 0 7.811177 
0 0 8.775235 
0 0 6.290204 
0 0 10.468405 
0 0 9.341311 
0 0 5.867841 
0 0 9.058401 
1 1 3.415166 
0 0 9.813572 
2 3 14.172545 
2 3 14.287316 
4 5 26.664026 
1 1 7.851735 
2 3 4.018110 
0 0 4.948028 
1 1 12.666720 
1 1 6.023562 
0 0 3.201052 
1 1 7.190699 
0 0 4.737841 
0 0 4.394089 
2 3 4.082015 
1 1 7.399732 
2 3 5.081749 
2 3 3.034939 
0 0 4.480119 
0 0 10.458371 
2 3 4.566547 
0 0 11.122347 
2 3 4.908315 
2 3 11.242318 
1 1 6.233359 
1 1 1.153017 
2 3 7.520757 
2 3 14.385261 
2 3 18.762655 
0 0 4.510540 
2 3 4.522440 
2 3 5.870770 
2 3 3.423739 
2 3 7.159128 
0 0 5.111539 
0 0 5.599886 
0 0 5.734283 
0 0 5.326214 
0 0 5.204636 
0 0 4.947971 
0 0 4.223941 
0 0 5.740502 
0 0 4.662001 
2 3 3.266503 
0 0 2.571759 
1 1 2.858855 
0 0 17.711049 
0 0 1.679548 
0 0 5.556915 
0 0 2.491666 
0 0 3.651896 
0 0 3.533124 
2 3 3.562865 
1 1 7.364925 
1 1 6.345505 
0 0 13.100749 
2 3 11.627462 
0 0 12.824471 
0 0 7.792350 
1 1 4.677658 
0 0 3.718375 
1 1 7.551747 
2 3 3.421567 
0 0 4.338488 
2 3 5.562510 
1 1 1.998986 
0 0 14.000250 
1 1 5.016381 
0 0 9.754646 
0 0 9.689346 
0 0 10.601415 
0 0 15.258275 
0 0 2.374502 
1 1 4.197790 
0 0 3.228280 
1 1 13.692544 
1 1 8.877495 
1 1 16.531621 
1 1 17.293311 
1 1 1.736555 
1 1 1.656448 
2 3 13.075643 
1 1 3.498323 
0 0 5.046844 
1 1 4.186046 
1 1 3.276547 
1 1 12.554741 
0 0 4.250023 
0 0 4.078236 
1 1 2.419274 
2 3 6.781204 
1 1 7.045513 
1 1 7.983523 
1 1 6.360541 
1 1 10.462778 
1 1 2.825816 
1 1 2.886773 
0 0 11.800495 
0 0 3.248172 
0 0 3.491248 
0 0 10.823270 
0 0 11.183017 
0 0 8.905375 
1 1 25.022485 
0 0 6.410096 
0 0 4.225737 
0 0 3.279509 
0 0 3.120106 
0 0 6.580238 
1 1 5.320126 
2 3 4.331020 
2 3 5.490382 
1 1 36.564840 
1 1 10.846183 
0 0 4.444940 
0 0 5.661022 
0 0 5.367573 
0 0 4.415957 
1 1 11.757967 
0 0 4.773135 
0 0 5.581822 
4 5 4.719777 
0 0 5.412453 
0 0 8.355468 
0 0 4.100227 
0 0 5.777948 
2 3 4.282306 
0 0 5.909293 
0 0 5.795439 
0 0 5.605639 
0 0 4.816966 
1 1 3.302250 
1 1 2.516790 
1 1 4.172427 
0 0 5.446716 
1 1 3.824284 
1 1 4.965417 
1 1 6.076459 
0 0 4.971451 
1 1 14.729896 
1 1 28.489958 
0 0 5.012757 
0 0 6.178368 
0 0 7.160827 
0 0 24.166540 
0 0 13.608229 
0 0 17.226728 
0 0 9.923116 
0 0 4.106963 
0 0 4.257800 
0 0 7.043705 
0 0 5.252109 
0 0 2.479974 
0 0 2.985178 
1 1 2.241725 
1 1 28.119013 
4 5 27.874984 
0 0 4.974932 
0 0 4.091713 
0 0 5.049228 
0 0 5.052198 
1 1 8.970379 
0 0 5.516298 
0 0 5.566653 
5 6 5.554824 
1 1 14.172970 
1 1 13.137565 
1 1 16.621861 
1 1 5.764082 
1 1 23.226516 
1 1 10.547127 
1 1 13.264738 
2 3 1.403679 
1 1 1.925619 
0 0 4.258639 
2 3 9.367783 
0 0 5.112593 
1 1 3.292742 
0 0 6.654695 
2 3 3.868453 
0 0 4.633461 
1 1 14.367675 
1 1 20.805037 
0 0 4.395902 
0 0 2.913761 
0 0 3.255076 
0 0 4.689888 
1 1 7.487546 
1 1 6.199898 
1 1 4.149206 
0 0 2.860369 
0 0 6.363075 
0 0 4.679118 
0 0 5.448328 
0 0 4.526489 
0 0 5.432953 
1 1 5.280752 
1 1 10.369289 
0 0 10.524432 
1 1 5.306308 
1 1 3.328231 
0 0 5.641237 
0 0 3.987825 
0 0 6.172994 
0 0 7.573632 
0 0 4.487475 
1 1 4.095648 
0 0 3.876541 
0 0 7.529673 
0 0 5.641982 
0 0 5.830703 
0 0 7.469137 
0 0 6.297650 
0 0 18.392007 
0 0 11.313672 
0 0 2.899591 
0 0 4.368237 
0 0 3.269954 
1 1 3.401560 
0 0 7.317985 
0 0 4.001495 
1 1 31.721026 
1 1 4.172945 
1 1 20.085452 
1 1 20.313859 
1 1 5.734400 
1 1 6.479076 
1 1 43.013643 
0 0 8.767775 
0 0 4.140526 
0 0 4.012364 
1 1 14.030515 
1 1 2.949160 
0 0 20.327208 
1 1 4.952218 
1 1 7.396135 
1 1 10.377174 
0 0 3.369644 
0 0 5.183061 
2 3 4.189509 
2 3 4.180149 
2 3 5.442608 
2 3 4.326119 
2 3 4.727984 
2 3 4.742125 
2 3 3.114420 
2 3 4.385948 
2 3 7.536250 
1 1 26.486301 
1 1 17.781723 
1 1 3.309992 
0 0 3.271715 
1 1 4.509096 
0 0 4.750627 
0 0 4.434424 
0 0 4.117842 
1 1 4.408302 
3 4 5.246053 
0 0 4.394434 
0 0 4.215795 
0 0 3.151103 
0 0 6.178763 
3 4 11.812371 
0 0 5.694013 
1 1 15.002552 
1 1 16.812921 
1 1 21.651012 
1 1 4.049542 
1 1 10.275815 
2 3 7.739581 
1 1 18.353678 
1 1 15.480686 
1 1 18.252795 
1 1 19.055895 
1 1 14.282988 
1 1 14.253742 
0 0 4.128641 
0 0 2.728840 
0 0 2.355530 
0 0 3.835528 
0 0 3.351791 
0 0 3.066508 
1 1 20.020312 
1 1 13.589762 
0 0 5.180117 
1 1 4.578886 
1 1 6.390451 
2 3 3.819417 
1 1 5.022463 
0 0 2.980820 
1 1 5.750342 
0 0 3.483467 
0 0 4.332014 
1 1 4.485439 
0 0 3.985230 
0 0 4.236543 
0 0 5.755737 
0 0 8.305524 
0 0 4.343011 
0 0 3.623688 
0 0 2.165848 
0 0 3.405661 
0 0 4.950481 
0 0 5.526706 
0 0 6.476639 
1 1 5.784101 
1 1 6.615554 
1 1 3.679783 
0 0 1.757798 
1 1 1.643714 
1 1 24.295685 
0 0 2.569908 
0 0 5.104123 
1 1 3.777202 
1 1 14.791116 
1 1 21.144398 
1 1 16.423379 
0 0 3.312109 
0 0 2.184166 
2 3 5.513792 
2 3 3.377633 
0 0 4.548470 
0 0 4.751238 
1 1 5.822367 
0 0 3.315126 
0 0 3.298150 
2 3 5.479361 
0 0 4.952599 
1 1 12.169332 
0 0 4.697010 
1 1 19.304784 
1 1 19.216962 
1 1 16.050985 
1 1 21.313667 
1 1 14.510274 
1 1 11.252419 
1 1 11.642459 
1 1 12.518704 
1 1 15.598876 
1 1 22.296241 
1 1 19.914845 
4 5 28.622545 
1 1 22.241517 
1 1 20.107159 
1 1 12.306131 
1 1 15.082563 
1 1 12.805688 
1 1 17.322852 
1 1 18.263642 
1 1 22.096656 
0 0 6.425192 
1 1 10.281002 
1 1 10.073927 
1 1 13.024836 
1 1 11.110879 
1 1 21.147700 
1 1 109.745845 
1 1 18.811926 
1 1 13.964768 
3 4 14.749437 
1 1 4.529729 
1 1 5.068603 
0 0 2.844716 
1 1 8.817248 
0 0 3.566389 
1 1 5.013101 
0 0 3.082088 
0 0 3.275434 
0 0 4.981642 
0 0 7.872565 
1 1 10.947648 
1 1 13.706563 
1 1 11.707816 
1 1 12.860450 
1 1 9.942833 
1 1 9.852240 
1 1 9.850298 
1 1 9.399594 
1 1 25.284627 
1 1 13.769170 
1 1 15.215006 
3 4 7.217798 
0 0 3.302736 
0 0 4.621863 
0 0 4.024896 
0 0 4.281297 
6 7 90.055654 
0 0 8.265632 
4 5 13.727990 
4 5 39.570136 
4 5 13.936100 
0 0 7.598208 
0 0 8.675125 
2 3 8.424663 
0 0 7.118813 
0 0 2.189676 
2 3 2.908511 
0 0 3.802672 
2 3 8.497080 
2 3 7.755693 
1 1 7.358083 
0 0 8.697387 
0 0 11.266340 
0 0 4.107068 
0 0 8.939461 
0 0 5.155735 
0 0 4.638719 
0 0 5.267432 
2 3 4.154926 
2 3 2.736270 
2 3 9.522017 
2 3 4.381180 
1 1 2.895123 
2 3 7.634397 
2 3 7.998816 
2 3 13.321886 
2 3 4.630455 
2 3 7.907450 
0 0 12.370626 
0 0 12.582675 
2 3 2.332379 
2 3 3.437937 
2 3 4.763536 
0 0 2.345636 
0 0 3.720094 
2 3 4.281276 
1 1 4.761810 
0 0 5.312148 
0 0 4.745772 
0 0 3.365185 
0 0 4.514265 
1 1 9.809156 
0 0 9.807974 
4 5 10.786563 
7 8 33.093337 
1 1 1.320152 
2 3 19.925874 
1 1 8.586896 
1 1 8.586109 
1 1 7.648691 
1 1 9.308366 
0 0 3.690325 
2 3 6.956764 
1 1 14.449785 
1 1 11.680654 
0 0 9.186328 
0 0 10.947868 
0 0 5.796585 
0 0 11.612738 
0 0 17.403218 
0 0 10.148785 
1 1 4.890834 
0 0 10.413601 
2 3 3.824689 
0 0 4.174537 
2 3 3.890420 
2 3 10.612401 
1 1 4.446879 
0 0 5.251382 
0 0 3.069890 
0 0 3.701320 
0 0 4.390110 
4 5 27.941997 
3 4 4.798220 
0 0 2.316339 
0 0 3.563799 
1 1 15.193293 
6 7 5.978749 
0 0 3.746826 
1 1 4.140779 
2 3 4.669473 
0 0 3.535427 
2 3 10.560651 
0 0 8.444191 
0 0 3.559639 
0 0 8.612673 
2 3 4.248662 
2 3 4.262261 
1 1 1.853958 
1 1 10.708240 
1 1 11.754042 
1 1 1.748007 
0 0 10.738936 
0 0 6.203632 
1 1 8.891698 
1 1 4.696258 
1 1 2.161795 
1 1 1.999676 
1 1 1.670469 
1 1 1.701754 
1 1 4.587158 
2 3 12.882531 
2 3 4.652935 
0 0 4.678052 
2 3 4.575372 
0 0 10.295510 
1 1 2.287923 
1 1 2.228843 
0 0 2.309804 
2 3 4.575009 
0 0 2.894751 
0 0 9.256980 
0 0 4.861018 
1 1 8.081170 
0 0 4.854673 
3 4 6.754745 
1 1 3.837206 
2 3 6.278163 
0 0 8.539795 
0 0 2.842320 
0 0 8.207061 
0 0 8.650896 
2 3 6.271061 
1 1 24.185028 
0 0 1.504896 
1 1 14.937592 
0 0 1.947186 
2 3 3.415221 
1 1 26.990015 
1 1 12.783819 
1 1 13.669463 
2 3 5.650577 
0 0 17.476438 
1 1 39.428747 
1 1 35.613714 
4 5 23.880443 
1 1 17.130512 
2 3 2.806313 
2 3 2.987682 
2 3 1.862374 
1 1 23.052214 
1 1 1.773075 
0 0 3.377166 
2 3 12.235401 
2 3 3.719415 
0 0 6.204305 
0 0 5.829963 
0 0 5.439124 
1 1 14.712759 
1 1 10.697998 
2 3 10.693225 
2 3 15.688563 
1 1 15.358398 
1 1 5.499516 
1 1 14.760878 
1 1 14.777938 
1 1 7.552071 
1 1 18.388263 
2 3 5.810134 
0 0 3.814576 
2 3 4.195851 
2 3 3.892806 
2 3 4.580686 
2 3 3.840238 
2 3 9.374725 
2 3 16.905881 
2 3 4.317357 
0 0 8.407196 
0 0 4.781428 
1 1 7.832498 
2 3 7.558326 
0 0 9.738987 
0 0 2.324493 
0 0 12.089629 
0 0 3.747731 
2 3 4.877874 
1 1 1.502285 
0 0 4.179010 
1 1 4.009263 
1 1 7.702204 
1 1 7.562594 
0 0 4.994930 
2 3 11.989950 
0 0 3.595153 
0 0 7.054483 
1 1 21.553396 
1 1 1.739228 
2 3 4.786665 
2 3 4.818599 
2 3 3.514640 
0 0 2.744527 
2 3 2.541210 
2 3 4.125330 
1 1 10.029950 
0 0 3.766899 
0 0 3.452187 
1 1 9.385260 
0 0 11.812475 
0 0 11.662145 
2 3 5.053674 
0 0 9.378906 
0 0 9.741372 
0 0 2.340558 
0 0 14.938546 
0 0 4.605753 
0 0 3.448515 
0 0 5.063188 
2 3 3.373781 
0 0 3.041805 
0 0 9.092835 
0 0 15.218514 
0 0 2.818654 
0 0 10.791795 
2 3 12.871193 
0 0 2.595633 
0 0 9.620844 
0 0 9.343940 
0 0 3.703473 
2 3 10.714904 
0 0 2.554075 
0 0 14.945125 
4 5 10.092887 
2 3 4.172310 
2 3 7.872677 
2 3 3.743810 
1 1 9.070552 
0 0 9.171762 
0 0 12.225048 
0 0 6.700796 
0 0 3.523970 
1 1 4.236509 
1 1 2.809266 
0 0 3.147903 
0 0 3.478717 
1 1 27.008000 
1 1 9.565249 
2 3 6.001260 
2 3 6.347697 
2 3 14.441080 
4 5 7.986536 
4 5 6.414443 
0 0 10.369994 
1 1 23.536381 
1 1 19.657867 
2 3 2.977190 
0 0 4.250972 
1 1 8.714983 
2 3 4.275070 
0 0 3.628623 
0 0 2.540954 
0 0 3.962765 
0 0 4.035169 
2 3 6.347716 
0 0 5.899138 
2 3 3.302409 
1 1 2.062104 
2 3 4.637893 
2 3 4.305757 
0 0 2.820117 
0 0 4.061896 
0 0 2.737953 
0 0 3.757962 
0 0 3.568875 
0 0 2.034753 
0 0 2.773191 
1 1 17.186587 
2 3 4.399089 
0 0 16.319232 
0 0 13.970868 
0 0 4.733203 
0 0 4.880986 
2 3 7.322603 
0 0 10.867103 
1 1 31.374245 
2 3 6.348310 
2 3 17.855297 
0 0 4.749173 
1 1 4.128087 
1 1 5.886839 
2 3 4.186829 
2 3 5.485797 
2 3 4.756219 
0 0 6.876076 
0 0 6.016426 
2 3 3.308297 
0 0 4.868249 
0 0 3.244408 
2 3 28.480720 
0 0 2.489192 
4 5 53.494974 
2 3 6.476802 
0 0 4.279516 
6 7 7.631369 
1 1 5.593467 
4 5 29.484596 
2 3 8.931896 
2 3 8.123054 
2 3 13.947984 
2 3 22.272522 
0 0 10.038668 
0 0 9.961083 
0 0 7.459155 
0 0 4.089455 
0 0 9.660400 
2 3 37.597786 
2 3 3.464015 
2 3 5.311672 
1 1 14.205110 
0 0 6.478683 
0 0 6.509958 
2 3 9.826038 
2 3 3.583551 
6 7 2.389220 
1 1 2.756138 
2 3 8.129167 
2 3 13.990606 
0 0 3.025283 
1 1 1.290682 
1 1 54.502113 
4 5 6.412198 
0 0 4.196633 
2 3 5.633658 
2 3 5.389984 
0 0 18.001839 
2 3 13.991592 
2 3 11.753573 
0 0 4.169447 
0 0 7.828573 
2 3 12.051994 
1 1 52.146245 
1 1 38.583668 
1 1 36.999493 
2 3 4.635049 
4 5 2.142840 
1 1 30.327008 
0 0 5.825160 
2 3 11.210588 
4 5 29.702978 
1 1 8.324927 
1 1 22.770090 
1 1 22.735761 
1 1 1.724344 
2 3 6.392501 
1 1 37.076360 
0 0 4.260802 
2 3 4.077868 
2 3 2.910493 
2 3 3.895054 
2 3 4.782909 
2 3 7.834852 
1 1 76.825809 
1 1 46.012925 
1 1 38.347046 
2 3 6.774688 
0 0 18.275398 
0 0 20.019882 
0 0 3.433991 
0 0 4.758592 
0 0 2.812756 
0 0 3.952463 
0 0 4.123542 
0 0 4.381712 
0 0 4.269380 
0 0 3.138988 
2 3 10.975570 
2 3 3.917238 
0 0 4.268669 
1 1 16.916687 
0 0 4.868851 
1 1 8.463326 
2 3 4.625687 
2 3 11.112327 
0 0 2.868422 
2 3 4.150930 
0 0 5.848645 
0 0 5.922214 
0 0 6.161593 
2 3 6.924062 
0 0 10.235189 
2 3 13.171171 
1 1 8.605605 
2 3 5.453344 
0 0 14.498572 
0 0 9.513459 
2 3 2.874558 
0 0 3.366067 
0 0 3.912848 
0 0 4.664155 
2 3 9.205569 
2 3 6.062200 
0 0 3.825263 
1 1 67.824038 
2 3 2.050092 
1 1 8.894437 
0 0 14.420552 
1 1 12.149537 
1 1 11.412392 
0 0 15.745652 
0 0 7.457051 
0 0 16.957427 
2 3 3.462110 
2 3 3.695369 
2 3 3.531574 
2 3 6.053505 
2 3 6.433613 
2 3 16.575210 
0 0 3.115253 
2 3 7.117781 
1 1 6.620753 
2 3 4.213828 
1 1 9.148528 
0 0 8.007129 
0 0 4.007823 
2 3 6.969823 
0 0 4.041199 
1 1 18.605992 
0 0 14.409998 
1 1 9.844596 
0 0 6.790605 
1 1 2.376897 
0 0 6.390276 
2 3 3.211189 
2 3 3.732587 
2 3 5.542628 
0 0 4.012236 
0 0 4.085868 
1 1 8.932997 
1 1 20.116711 
1 1 21.129723 
2 3 3.527706 
0 0 14.801540 
7 8 9.879167 
1 1 22.543053 
1 1 11.901637 
1 1 26.926823 
1 1 8.850547 
1 1 10.285347 
1 1 9.859467 
1 1 10.327867 
1 1 32.117164 
3 4 21.780713 
1 1 28.225851 
2 3 14.928467 
1 1 7.863703 
1 1 11.861286 
4 5 45.623794 
2 3 7.447521 
1 1 11.064282 
1 1 11.630277 
1 1 8.597614 
1 1 84.328275 
2 3 4.668937 
2 3 4.243025 
0 0 7.339366 
1 1 20.221215 
1 1 5.685843 
4 5 55.499756 
2 3 9.812660 
0 0 14.307565 
2 3 5.878002 
1 1 11.388776 
2 3 16.296857 
0 0 6.313426 
2 3 13.612571 
2 3 10.611781 
2 3 9.253816 
4 5 39.372559 
2 3 18.754074 
2 3 3.663968 
2 3 25.675117 
1 1 8.028763 
1 1 14.974652 
0 0 8.277997 
0 0 5.552565 
1 1 5.059597 
1 1 14.449366 
0 0 13.985496 
1 1 40.962411 
0 0 4.886545 
0 0 11.117284 
0 0 11.052460 
0 0 10.157744 
0 0 11.239563 
0 0 12.503343 
0 0 11.591978 
1 1 10.319696 
1 1 29.582711 
0 0 29.677277 
2 3 20.434267 
2 3 10.446047 
0 0 12.616697 
2 3 3.318402 
2 3 3.226707 
0 0 5.913299 
0 0 10.053783 
2 3 3.056160 
2 3 26.254446 
1 1 49.141307 
1 1 14.488166 
1 1 19.478481 
1 1 19.529772 
0 0 3.072042 
2 3 6.046590 
1 1 23.857515 
2 3 5.057865 
2 3 11.511211 
2 3 4.054662 
0 0 4.208498 
0 0 3.743255 
1 1 8.731743 
0 0 13.186372 
1 1 10.315636 
0 0 10.185721 
0 0 4.564163 
1 1 30.364827 
2 3 14.017344 
7 8 24.314708 
0 0 9.278722 
1 1 7.990603 
0 0 8.546676 
0 0 13.742262 
1 1 74.380816 
0 0 3.881797 
0 0 8.483295 
0 0 7.985096 
2 3 4.606642 
2 3 6.077364 
6 7 4.129967 
2 3 2.867795 
2 3 3.364810 
0 0 6.714843 
0 0 4.599035 
0 0 4.321672 
0 0 2.408105 
2 3 3.194891 
2 3 3.393118 
2 3 3.391056 
4 5 5.316774 
1 1 19.153337 
0 0 5.610777 
0 0 5.184379 
2 3 4.591924 
1 1 3.339894 
0 0 10.093769 
0 0 10.236247 
0 0 9.754503 
0 0 11.521859 
0 0 15.274328 
0 0 11.935528 
0 0 12.338728 
0 0 9.897014 
0 0 9.743140 
0 0 9.664881 
0 0 11.769486 
4 5 10.014818 
0 0 10.307746 
0 0 12.072675 
0 0 13.254284 
0 0 9.329103 
0 0 13.070406 
0 0 12.412855 
0 0 11.519623 
1 1 37.783859 
0 0 10.628976 
2 3 6.491945 
0 0 11.320713 
1 1 15.354995 
1 1 4.198915 
1 1 34.229220 
1 1 30.042819 
0 0 4.706837 
1 1 14.532871 
2 3 16.883680 
0 0 8.267211 
0 0 10.368314 
0 0 4.987970 
0 0 10.126063 
2 3 5.380628 
0 0 3.889639 
0 0 5.552854 
2 3 5.781364 
2 3 3.467710 
2 3 4.965653 
2 3 3.261849 
2 3 2.392298 
2 3 5.683813 
2 3 3.914234 
1 1 2.394999 
2 3 3.638975 
2 3 3.846283 
2 3 5.401029 
2 3 4.459864 
0 0 2.725500 
2 3 8.849495 
2 3 7.470646 
2 3 3.214308 
1 1 2.721648 
1 1 4.009048 
2 3 11.364998 
2 3 5.503224 
0 0 13.006825 
2 3 8.853153 
2 3 8.086452 
0 0 8.681222 
2 3 8.334563 
0 0 8.742843 
1 1 5.639281 
0 0 8.851614 
0 0 10.483433 
0 0 10.154249 
0 0 11.225782 
0 0 5.067476 
0 0 10.901766 
0 0 4.327170 
1 1 14.542462 
1 1 3.897703 
0 0 4.676348 
0 0 6.694765 
1 1 4.272567 
2 3 8.963220 
0 0 3.752073 
0 0 4.943184 
0 0 4.691313 
0 0 2.488007 
0 0 7.025661 
0 0 3.713313 
0 0 7.371189 
2 3 7.652897 
4 5 36.731143 
0 0 11.119921 
0 0 13.057796 
0 0 12.228279 
0 0 11.710042 
0 0 10.289628 
0 0 9.848228 
0 0 8.597287 
0 0 11.490768 
0 0 10.546404 
2 3 8.025509 
1 1 19.777622 
0 0 3.249122 
1 1 4.938383 
2 3 5.858375 
0 0 1.976373 
2 3 2.896217 
0 0 10.131892 
0 0 4.490619 
0 0 4.535784 
0 0 4.469798 
0 0 4.530343 
0 0 4.500114 
0 0 4.701842 
0 0 5.250343 
0 0 4.557187 
0 0 4.501764 
0 0 4.555150 
0 0 4.548027 
0 0 4.545170 
0 0 4.547053 
0 0 4.271049 
0 0 4.515311 
0 0 4.511878 
0 0 4.243408 
0 0 3.985278 
0 0 4.564232 
0 0 4.533510 
0 0 3.961710 
0 0 2.660751 
0 0 1.918904 
1 1 21.345660 
0 0 3.997107 
1 1 21.937333 
2 3 42.337991 
1 1 8.209117 
1 1 3.540036 
0 0 11.189396 
0 0 10.049938 
0 0 9.711155 
0 0 11.055026 
0 0 10.555357 
0 0 2.334433 
1 1 13.960895 
2 3 5.693872 
2 3 6.460697 
2 3 4.655546 
0 0 4.193160 
1 1 70.212180 
2 3 14.790923 
1 1 9.981920 
0 0 13.708658 
0 0 16.769771 
1 1 2.890576 
0 0 3.331220 
0 0 2.389128 
4 5 30.673275 
0 0 4.550123 
0 0 4.535511 
0 0 4.438759 
0 0 13.953329 
2 3 4.341908 
0 0 4.474928 
4 5 15.185378 
0 0 14.526038 
0 0 15.788224 
2 3 3.828229 
0 0 20.656387 
0 0 12.762281 
2 3 16.569606 
2 3 2.916364 
2 3 9.918359 
2 3 5.336892 
0 0 5.732086 
1 1 17.442207 
1 1 15.972211 
1 1 35.418403 
1 1 21.066501 
1 1 16.858995 
0 0 9.313212 
1 1 38.866722 
1 1 25.669940 
2 3 3.847334 
2 3 7.164482 
0 0 3.695388 
2 3 6.169525 
2 3 3.305376 
1 1 10.728454 
2 3 3.530417 
0 0 4.170771 
0 0 13.048173 
0 0 10.135254 
0 0 10.516818 
2 3 5.263016 
0 0 9.790498 
0 0 11.112848 
0 0 11.799768 
0 0 14.276311 
0 0 10.619758 
0 0 10.596397 
0 0 9.875426 
4 5 9.767356 
0 0 11.983373 
7 8 17.349464 
1 1 24.617394 
1 1 9.148375 
1 1 13.001948 
0 0 4.492945 
2 3 3.354965 
1 1 17.420684 
1 1 11.977683 
0 0 12.057013 
2 3 3.602669 
2 3 3.451281 
0 0 11.156527 
2 3 4.094460 
2 3 4.580738 
0 0 5.846080 
2 3 13.774022 
2 3 2.262826 
0 0 3.478037 
0 0 3.155627 
2 3 3.396599 
2 3 5.874385 
2 3 8.947845 
0 0 10.645697 
2 3 8.559151 
2 3 9.051693 
2 3 8.136632 
2 3 17.392708 
2 3 18.030361 
4 5 39.743415 
2 3 3.780985 
2 3 3.193085 
2 3 18.641769 
2 3 4.271190 
0 0 11.761292 
0 0 12.395169 
1 1 12.174468 
0 0 12.240999 
1 1 15.245007 
0 0 11.094895 
0 0 5.357167 
0 0 4.054270 
2 3 4.861887 
1 1 48.020208 
1 1 35.356521 
1 1 23.699661 
2 3 5.995795 
2 3 11.546102 
1 1 18.319916 
1 1 13.101330 
0 0 4.772980 
0 0 4.971772 
2 3 7.331187 
0 0 9.607519 
0 0 6.450653 
0 0 5.854104 
0 0 7.186246 
2 3 6.791147 
0 0 4.808249 
0 0 4.542265 
0 0 4.488936 
0 0 1.966604 
0 0 2.942408 
0 0 2.594428 
2 3 4.662800 
2 3 9.476097 
0 0 6.506924 
0 0 2.139825 
0 0 2.468883 
0 0 3.623167 
0 0 3.312567 
0 0 3.204752 
5 6 5.742957 
0 0 3.066963 
0 0 3.344311 
1 1 15.560885 
2 3 8.648496 
2 3 6.565681 
1 1 21.961046 
0 0 16.465642 
2 3 5.734963 
0 0 2.890299 
0 0 17.348592 
1 1 12.837714 
0 0 12.250924 
0 0 8.678973 
4 5 19.080656 
6 7 3.044707 
0 0 6.243270 
2 3 11.001043 
1 1 5.920507 
1 1 7.334582 
0 0 9.663415 
2 3 10.618276 
0 0 5.748064 
2 3 2.552996 
0 0 3.510313 
2 3 4.600255 
2 3 4.563470 
0 0 6.655693 
2 3 2.935065 
0 0 8.857649 
0 0 10.635518 
0 0 13.235906 
0 0 13.765766 
0 0 6.587602 
0 0 4.770082 
0 0 4.654538 
0 0 8.389210 
0 0 11.981901 
2 3 4.867805 
2 3 4.337712 
2 3 5.853376 
1 1 1.552592 
0 0 13.773880 
0 0 3.140473 
1 1 2.684198 
1 1 2.934854 
1 1 2.551986 
2 3 3.447648 
0 0 3.619539 
2 3 2.631226 
0 0 1.766556 
0 0 3.573724 
1 1 2.531222 
2 3 3.875336 
0 0 7.989308 
1 1 3.085024 
1 1 11.781772 
0 0 4.335785 
0 0 3.453338 
0 0 2.926069 
0 0 4.062042 
0 0 3.507907 
0 0 5.157872 
4 5 9.839204 
1 1 2.323228 
4 5 17.920131 
2 3 4.302333 
1 1 6.296735 
0 0 5.906053 
0 0 4.769187 
0 0 4.700592 
0 0 5.224484 
0 0 16.602754 
0 0 9.307502 
0 0 2.059848 
0 0 7.777667 
0 0 2.458083 
1 1 6.518350 
1 1 13.522682 
0 0 6.383709 
0 0 3.165341 
0 0 6.389418 
0 0 14.092022 
0 0 11.243879 
0 0 2.731990 
0 0 7.696989 
0 0 3.358640 
1 1 2.412898 
0 0 2.211038 
2 3 2.727403 
0 0 6.341089 
0 0 6.407718 
0 0 6.933389 
0 0 6.558535 
0 0 6.389625 
1 1 3.986834 
0 0 2.469695 
0 0 2.863499 
2 3 2.871537 
0 0 3.924737 
0 0 8.445710 
0 0 14.846226 
0 0 10.691776 
0 0 5.067854 
0 0 4.746362 
0 0 4.702956 
2 3 3.532616 
0 0 1.736893 
2 3 2.814309 
0 0 3.892096 
0 0 5.778471 
0 0 5.827932 
0 0 5.806384 
0 0 5.733720 
0 0 7.802844 
0 0 11.302160 
0 0 9.277579 
2 3 11.403668 
0 0 10.685725 
0 0 7.008755 
0 0 15.749356 
0 0 9.064623 
2 3 8.354102 
1 1 7.315055 
2 3 4.364444 
2 3 4.704937 
0 0 2.865353 
0 0 2.944212 
2 3 21.078175 
0 0 4.094144 
0 0 4.204186 
0 0 14.707959 
0 0 5.441232 
0 0 5.874640 
0 0 5.190861 
0 0 5.823511 
0 0 5.793454 
0 0 5.175203 
0 0 7.752957 
0 0 2.342384 
2 3 3.043554 
0 0 2.327713 
2 3 2.610846 
0 0 10.565197 
0 0 8.329428 
0 0 3.167156 
0 0 3.525945 
1 1 3.093093 
1 1 1.917240 
2 3 3.902638 
2 3 4.177558 
2 3 2.859256 
0 0 3.359627 
0 0 2.290793 
1 1 1.760081 
0 0 5.740427 
2 3 4.139131 
4 5 40.333545 
0 0 6.399173 
0 0 5.806706 
0 0 11.251648 
0 0 9.275559 
0 0 11.898641 
0 0 3.077462 
0 0 4.159341 
0 0 2.557355 
2 3 4.209579 
0 0 2.516092 
1 1 4.147448 
2 3 5.190806 
0 0 8.368522 
1 1 7.592814 
0 0 8.299007 
0 0 6.887856 
2 3 7.152672 
2 3 3.686881 
2 3 14.867052 
2 3 5.064748 
2 3 11.722110 
2 3 5.102481 
1 1 8.615582 
0 0 5.587768 
0 0 3.357701 
0 0 2.612543 
0 0 3.153452 
1 1 3.003423 
0 0 1.871415 
0 0 3.095128 
0 0 5.141354 
0 0 2.277314 
1 1 2.049527 
2 3 5.731046 
0 0 2.427901 
0 0 6.062050 
0 0 6.669114 
1 1 7.692354 
2 3 9.660393 
0 0 4.869205 
2 3 4.163765 
2 3 3.667821 
2 3 3.987366 
2 3 3.375173 
2 3 2.795083 
0 0 3.481227 
0 0 3.884975 
0 0 6.589248 
2 3 7.019300 
0 0 7.027330 
0 0 7.540172 
0 0 5.944616 
0 0 3.222085 
0 0 4.041492 
0 0 3.280553 
2 3 4.949076 
1 1 3.084975 
2 3 2.794642 
0 0 4.733176 
2 3 3.466704 
2 3 2.699593 
2 3 3.286391 
2 3 3.932111 
2 3 2.316309 
0 0 3.971151 
0 0 5.951204 
0 0 5.734824 
1 1 3.140787 
2 3 7.318669 
0 0 3.330730 
4 5 27.217974 
0 0 2.713959 
0 0 2.257650 
0 0 2.458573 
0 0 1.991196 
2 3 4.220133 
1 1 6.316121 
0 0 15.567867 
1 1 4.736148 
0 0 2.751307 
0 0 3.666306 
2 3 5.607723 
2 3 9.925004 
1 1 1.245957 
4 5 31.959447 
1 1 3.178525 
1 1 2.832237 
2 3 3.664307 
2 3 3.599052 
2 3 3.640092 
0 0 3.573050 
0 0 4.057649 
0 0 4.803139 
0 0 10.448137 
3 4 3.614168 
0 0 4.885903 
0 0 5.271110 
0 0 25.819769 
0 0 5.765930 
0 0 10.174093 
2 3 3.283513 
0 0 5.922618 
0 0 6.094541 
2 3 3.097902 
2 3 3.245703 
2 3 4.339250 
4 5 29.013776 
1 1 1.997781 
2 3 16.124708 
0 0 4.944123 
1 1 2.519949 
0 0 4.232433 
2 3 5.115895 
2 3 18.666866 
2 3 16.744363 
2 3 17.471791 
1 1 3.093798 
0 0 3.483383 
0 0 3.618743 
0 0 3.415974 
0 0 4.276073 
0 0 5.330038 
0 0 5.053227 
0 0 4.908668 
0 0 2.859401 
1 1 2.064666 
0 0 5.980155 
0 0 2.119131 
1 1 2.943771 
1 1 2.839362 
1 1 2.788462 
0 0 4.724011 
0 0 4.955139 
0 0 4.880075 
0 0 4.890155 
0 0 6.652816 
0 0 5.236521 
0 0 5.233300 
0 0 1.767922 
0 0 1.852468 
0 0 2.925856 
0 0 7.789796 
2 3 6.861517 
2 3 6.442925 
0 0 8.020396 
2 3 4.593793 
2 3 3.829023 
2 3 4.175378 
2 3 4.461845 
0 0 6.054688 
0 0 3.863512 
0 0 3.456456 
0 0 3.636996 
0 0 2.906842 
2 3 8.087149 
0 0 4.856872 
0 0 4.809229 
2 3 3.504179 
0 0 11.097602 
0 0 2.424859 
1 1 1.146299 
0 0 4.036504 
2 3 2.739106 
1 1 3.343123 
2 3 3.162201 
2 3 3.365104 
2 3 3.041556 
2 3 3.904005 
2 3 3.523426 
0 0 2.787244 
2 3 3.332550 
2 3 3.911329 
0 0 2.593909 
0 0 2.950733 
0 0 4.700400 
2 3 19.272475 
2 3 9.121393 
0 0 9.161430 
1 1 15.504797 
1 1 15.775024 
5 6 8.267133 
7 8 15.863303 
0 0 6.737228 
1 1 21.585734 
2 3 6.899523 
2 3 6.930120 
1 1 5.802641 
0 0 5.888212 
1 1 4.866136 
1 1 7.919290 
0 0 3.263416 
0 0 2.764768 
0 0 2.777776 
0 0 3.558393 
4 5 2.262091 
0 0 3.586535 
0 0 4.874728 
1 1 4.055021 
0 0 5.065427 
0 0 6.322007 
0 0 3.456476 
0 0 7.334674 
0 0 5.048600 
2 3 6.201289 
0 0 16.505923 
1 1 4.522750 
0 0 4.398705 
1 1 16.517628 
2 3 9.524961 
1 1 0.976043 
1 1 1.817171 
2 3 3.587879 
2 3 2.660105 
2 3 7.506157 
0 0 11.032353 
2 3 5.990337 
0 0 5.259629 
1 1 7.760757 
1 1 6.786277 
2 3 19.322804 
2 3 6.814374 
3 4 12.306160 
2 3 3.522388 
3 4 13.818003 
0 0 11.833209 
0 0 4.013683 
2 3 5.857331 
0 0 15.391225 
2 3 5.999596 
1 1 3.562085 
0 0 7.699982 
1 1 1.144246 
2 3 9.227282 
0 0 8.999358 
2 3 7.193048 
2 3 3.669603 
1 1 4.190858 
0 0 5.331015 
2 3 1.944254 
2 3 1.299100 
2 3 5.262155 
2 3 4.143292 
2 3 2.570798 
0 0 5.560148 
0 0 5.847629 
2 3 6.723297 
2 3 7.218405 
2 3 3.521089 
0 0 2.581951 
0 0 3.127445 
0 0 5.621736 
0 0 10.076480 
0 0 8.903386 
1 1 8.242954 
0 0 3.242896 
0 0 3.374967 
2 3 6.828089 
0 0 3.011578 
2 3 5.898803 
0 0 3.766308 
0 0 9.431138 
0 0 3.789389 
0 0 13.549248 
0 0 11.978442 
0 0 9.285141 
3 4 31.492063 
0 0 3.226643 
0 0 9.885661 
0 0 3.486454 
2 3 16.795665 
1 1 11.205377 
1 1 10.867815 
0 0 5.866716 
1 1 28.124878 
4 5 9.400190 
2 3 10.099857 
1 1 5.129881 
1 1 7.211283 
0 0 1.600953 
2 3 12.558080 
0 0 4.487657 
2 3 19.862465 
2 3 14.436192 
0 0 3.914172 
2 3 4.878333 
0 0 2.534490 
4 5 6.525324 
2 3 6.810556 
2 3 6.294961 
2 3 3.985677 
2 3 4.384289 
0 0 6.620823 
2 3 10.283812 
0 0 5.282147 
0 0 4.767628 
1 1 1.699736 
1 1 1.670642 
0 0 4.109289 
0 0 2.324381 
4 5 3.315563 
1 1 4.971401 
0 0 8.817293 
1 1 3.264865 
0 0 4.893459 
0 0 5.256220 
1 1 17.791458 
0 0 5.727915 
1 1 4.638006 
0 0 12.115879 
2 3 12.839717 
1 1 13.015875 
1 1 29.281343 
0 0 4.369632 
0 0 10.235048 
0 0 5.509396 
1 1 7.445423 
1 1 6.201118 
1 1 10.814387 
0 0 5.997774 
0 0 6.035063 
0 0 4.604971 
0 0 3.155160 
4 5 15.871604 
0 0 10.780338 
0 0 5.491126 
0 0 4.077079 
0 0 5.053407 
0 0 3.274362 
0 0 4.427005 
4 5 16.190786 
2 3 3.857603 
1 1 3.556381 
0 0 4.439017 
2 3 4.727263 
2 3 6.075260 
2 3 13.550681 
2 3 20.445300 
0 0 3.905564 
2 3 4.822541 
2 3 5.908857 
0 0 11.545952 
0 0 14.167899 
0 0 9.163305 
0 0 12.183358 
0 0 9.141185 
2 3 9.735625 
0 0 5.066289 
0 0 5.957638 
1 1 3.732833 
1 1 2.776515 
0 0 7.580084 
2 3 6.775879 
2 3 4.968260 
2 3 2.809735 
2 3 3.692528 
0 0 8.596937 
0 0 2.162587 
1 1 1.843700 
2 3 8.005514 
4 5 12.462148 
3 4 16.068332 
1 1 22.483999 
1 1 17.217437 
0 0 3.812533 
0 0 4.239682 
0 0 4.666030 
0 0 11.048295 
0 0 10.224970 
0 0 4.293203 
0 0 7.923523 
2 3 4.456267 
0 0 11.797563 
0 0 3.200433 
1 1 1.714765 
0 0 3.225334 
2 3 4.244595 
0 0 2.250133 
0 0 2.884249 
0 0 2.790023 
0 0 10.421548 
2 3 16.080517 
1 1 27.327860 
2 3 8.864040 
0 0 9.667081 
2 3 4.492161 
0 0 5.108066 
0 0 9.492035 
0 0 9.600387 
0 0 10.208923 
0 0 11.190387 
0 0 8.940576 
2 3 4.347774 
2 3 2.347145 
0 0 8.498499 
0 0 22.893385 
0 0 13.500805 
0 0 4.921721 
2 3 18.791816 
0 0 4.897791 
0 0 4.914112 
0 0 4.907644 
0 0 5.061287 
0 0 4.919138 
0 0 4.911542 
0 0 5.069652 
0 0 4.924193 
0 0 4.739379 
0 0 4.716275 
0 0 4.910868 
0 0 4.725853 
0 0 4.921395 
0 0 4.927613 
0 0 5.053444 
0 0 4.739826 
0 0 5.055351 
0 0 4.740723 
0 0 4.905251 
1 1 9.310661 
1 1 1.964724 
1 1 5.603199 
2 3 8.323621 
2 3 3.090986 
1 1 3.887398 
2 3 3.672788 
0 0 4.076976 
0 0 5.054895 
0 0 4.528972 
0 0 4.931494 
0 0 5.701658 
0 0 4.081590 
0 0 4.731625 
0 0 5.085879 
1 1 3.102543 
2 3 9.064973 
0 0 4.100472 
6 7 10.518880 
0 0 5.076708 
0 0 4.695561 
0 0 4.507045 
0 0 5.049034 
0 0 5.074912 
0 0 4.919934 
0 0 4.918037 
0 0 5.211879 
0 0 4.563035 
0 0 4.725423 
0 0 4.938878 
0 0 4.338417 
0 0 3.867070 
0 0 4.532182 
0 0 4.504328 
0 0 4.519112 
0 0 4.349615 
0 0 4.565714 
0 0 4.485593 
0 0 4.089717 
0 0 5.593934 
0 0 3.973004 
0 0 4.208252 
0 0 4.251174 
0 0 3.918097 
0 0 4.501607 
0 0 6.037764 
2 3 11.295543 
0 0 4.739502 
1 1 3.327048 
0 0 4.755011 
0 0 4.754971 
0 0 5.085707 
0 0 4.950679 
0 0 4.948449 
0 0 5.077868 
0 0 4.954189 
0 0 4.939439 
0 0 4.935471 
0 0 5.192842 
0 0 4.948853 
0 0 5.011269 
0 0 5.050314 
0 0 5.062359 
0 0 5.082934 
0 0 4.925763 
0 0 4.930837 
0 0 5.078087 
0 0 5.073467 
0 0 3.928663 
0 0 4.787790 
0 0 3.697513 
0 0 3.219067 
0 0 4.639026 
4 5 37.611801 
4 5 45.280800 
0 0 4.925029 
0 0 4.933968 
0 0 5.055198 
0 0 4.931976 
0 0 5.056077 
4 5 13.313016 
3 4 11.289177 
1 1 17.956512 
1 1 18.423285 
1 1 14.087537 
1 1 9.704952 
1 1 14.563745 
1 1 1.953568 
2 3 4.687689 
0 0 2.760516 
2 3 6.173231 
1 1 5.326354 
2 3 5.662895 
2 3 9.517008 
4 5 37.857272 
4 5 34.539828 
4 5 23.200064 
4 5 94.500434 
2 3 7.356811 
0 0 7.729703 
2 3 7.521697 
2 3 20.424991 
7 8 12.173706 
2 3 15.198497 
0 0 11.733691 
0 0 12.788443 
0 0 4.199211 
0 0 4.926192 
0 0 4.778150 
2 3 5.925985 
1 1 6.088320 
0 0 16.753278 
2 3 7.241457 
0 0 6.172252 
5 6 5.366814 
2 3 3.552018 
1 1 5.273090 
1 1 6.357985 
1 1 4.628270 
1 1 5.464722 
2 3 32.171513 
2 3 5.744786 
0 0 10.550398 
6 7 6.269348 
2 3 7.870433 
1 1 5.454852 
0 0 4.809526 
0 0 3.021306 
2 3 3.406541 
1 1 37.108325 
7 8 25.898208 
1 1 30.165203 
1 1 21.430714 
0 0 13.696407 
0 0 7.502571 
0 0 3.785935 
0 0 6.391536 
0 0 4.440588 
0 0 32.726438 
1 1 3.073426 
0 0 3.617583 
1 1 6.775152 
1 1 10.526491 
0 0 3.391975 
0 0 2.926432 
0 0 9.999857 
0 0 4.436571 
0 0 5.267219 
2 3 2.528766 
2 3 11.263203 
1 1 1.961551 
0 0 3.100506 
0 0 1.782651 
2 3 3.052788 
2 3 4.070372 
2 3 5.737386 
0 0 3.274487 
0 0 7.717739 
0 0 3.296573 
2 3 10.256810 
0 0 7.233136 
4 5 37.912662 
2 3 6.726093 
2 3 6.311540 
0 0 6.942765 
2 3 6.725223 
2 3 7.600710 
0 0 8.761445 
0 0 8.760725 
1 1 10.076093 
2 3 2.121517 
0 0 9.752485 
0 0 9.551537 
0 0 2.583416 
2 3 3.423591 
2 3 3.063047 
0 0 3.865281 
2 3 6.318907 
2 3 3.163603 
6 7 4.796414 
2 3 2.102959 
2 3 1.671808 
0 0 9.253491 
0 0 9.584632 
0 0 13.244011 
0 0 27.414873 
0 0 13.733921 
0 0 2.128604 
2 3 4.209414 
0 0 5.015053 
0 0 5.695648 
0 0 7.320426 
0 0 23.360649 
1 1 144.688304 
0 0 10.557546 
2 3 3.536733 
0 0 19.408515 
0 0 12.231892 
0 0 2.759432 
2 3 5.815156 
2 3 7.904496 
0 0 26.702104 
1 1 16.741604 
0 0 11.311812 
0 0 16.353420 
0 0 20.852183 
0 0 3.774432 
0 0 2.095763 
0 0 12.044151 
0 0 6.375710 
0 0 3.975635 
0 0 3.654095 
1 1 64.297053 
4 5 16.449137 
0 0 7.592362 
2 3 3.957574 
0 0 7.207186 
0 0 6.653055 
2 3 4.933201 
0 0 4.440819 
0 0 4.202416 
2 3 9.529347 
2 3 3.064770 
0 0 2.390837 
0 0 4.337667 
0 0 6.230533 
1 1 8.564493 
1 1 24.822938 
0 0 1.972740 
1 1 5.154379 
2 3 6.889301 
1 1 7.640886 
1 1 18.213791 
0 0 3.279279 
2 3 3.423185 
1 1 5.063575 
1 1 23.722303 
0 0 13.450890 
1 1 11.597101 
0 0 3.170742 
0 0 3.750750 
1 1 10.166042 
0 0 4.125652 
1 1 20.550394 
2 3 6.831740 
1 1 48.359003 
0 0 3.121459 
2 3 4.270743 
0 0 8.625548 
2 3 12.300389 
1 1 7.178490 
1 1 7.349851 
3 4 11.802235 
1 1 10.024989 
0 0 8.768988 
1 1 2.934522 
0 0 3.528239 
0 0 2.776043 
0 0 4.217651 
0 0 10.753627 
0 0 13.174092 
0 0 11.738361 
0 0 10.095330 
0 0 11.269699 
0 0 19.061752 
0 0 12.181645 
2 3 6.426528 
0 0 22.570348 
2 3 3.971570 
2 3 4.314562 
0 0 12.118276 
0 0 21.216915 
0 0 13.906683 
0 0 16.466447 
0 0 8.153248 
0 0 18.192600 
0 0 10.063281 
0 0 13.228341 
0 0 2.860966 
2 3 5.348611 
0 0 2.639260 
0 0 9.643167 
2 3 3.612473 
2 3 5.631035 
0 0 3.400169 
2 3 3.917687 
0 0 4.584830 
2 3 2.776618 
1 1 6.207020 
0 0 6.643212 
2 3 3.011959 
1 1 3.338546 
2 3 2.938321 
2 3 3.390728 
2 3 4.284375 
2 3 5.610341 
2 3 4.384611 
1 1 5.734761 
1 1 17.435201 
1 1 19.115754 
0 0 2.958447 
1 1 8.531257 
0 0 2.939595 
0 0 1.870233 
1 1 5.452180 
2 3 3.732366 
0 0 3.845229 
1 1 77.120782 
1 1 32.552882 
1 1 8.484095 
7 8 22.009822 
0 0 5.063545 
1 1 3.774032 
1 1 5.770531 
0 0 9.462983 
1 1 9.352732 
0 0 9.981744 
0 0 5.181538 
0 0 4.454989 
2 3 8.233775 
0 0 4.387862 
0 0 9.050900 
0 0 11.314479 
0 0 8.697786 
4 5 9.127876 
2 3 3.310955 
2 3 4.292892 
2 3 5.021276 
0 0 10.445193 
0 0 2.675240 
0 0 7.792799 
2 3 13.711241 
1 1 10.488140 
1 1 8.727131 
1 1 22.386907 
2 3 13.115775 
0 0 15.517380 
0 0 3.798944 
0 0 5.606827 
0 0 3.428988 
0 0 5.512829 
0 0 6.787983 
2 3 4.946993 
0 0 4.413628 
2 3 3.148627 
0 0 3.616763 
1 1 2.218171 
0 0 3.950610 
0 0 12.018317 
2 3 7.009474 
2 3 12.591321 
2 3 13.122471 
2 3 16.856867 
2 3 3.983466 
2 3 4.727702 
0 0 3.946601 
0 0 8.434364 
0 0 8.310970 
0 0 8.223856 
1 1 28.567675 
1 1 25.282651 
2 3 4.402876 
2 3 3.017183 
4 5 6.503146 
2 3 6.482783 
1 1 6.092966 
0 0 11.420496 
2 3 6.319210 
0 0 13.726901 
2 3 6.739372 
0 0 5.562341 
1 1 5.350071 
0 0 5.403228 
0 0 1.616662 
1 1 1.802973 
2 3 8.621984 
0 0 2.381287 
0 0 2.657056 
1 1 1.739863 
2 3 2.848293 
2 3 3.239733 
1 1 2.828446 
0 0 13.832928 
2 3 4.571151 
2 3 4.757344 
0 0 4.764035 
0 0 2.040807 
0 0 3.153347 
0 0 2.558799 
0 0 8.300296 
0 0 6.073252 
2 3 3.539025 
2 3 3.784991 
2 3 7.899785 
0 0 14.861231 
2 3 7.040574 
0 0 37.708466 
1 1 3.282062 
2 3 2.791699 
0 0 2.747165 
2 3 3.910233 
2 3 1.973750 
2 3 3.202899 
1 1 53.022104 
2 3 2.151456 
2 3 3.904979 
0 0 4.452394 
2 3 5.237776 
2 3 3.218359 
1 1 3.972097 
0 0 16.126475 
0 0 4.830513 
2 3 7.888548 
2 3 4.331293 
2 3 3.665711 
2 3 11.351084 
0 0 6.652221 
1 1 6.761591 
1 1 16.749670 
1 1 3.373933 
3 4 7.283402 
2 3 17.628943 
0 0 4.370311 
0 0 12.731258 
1 1 14.962862 
0 0 8.795460 
0 0 4.921654 
Landscape Indices
LSI 56.084285
