Parcel indices
Type Original Type GYRATE 
0 0 4.254315 
1 1 4.231347 
1 1 10.736141 
2 3 7.993269 
2 3 7.212697 
2 3 8.029816 
2 3 7.183613 
3 4 8.127228 
2 3 18.158642 
4 5 7.514780 
2 3 26.800020 
2 3 14.365591 
2 3 12.822278 
2 3 9.031797 
3 4 8.532237 
2 3 6.563671 
2 3 6.483129 
2 3 2.107663 
2 3 11.815511 
2 3 11.089634 
2 3 11.150041 
2 3 10.678280 
2 3 10.436244 
1 1 22.518865 
1 1 22.518648 
5 6 18.041482 
1 1 6.211282 
1 1 6.326928 
1 1 5.972441 
1 1 6.458852 
1 1 22.694455 
1 1 5.710382 
0 0 3.597026 
0 0 5.406568 
0 0 3.295361 
0 0 3.045217 
0 0 2.880942 
0 0 2.742128 
4 5 3.064090 
3 4 3.373946 
0 0 3.190182 
0 0 2.745811 
0 0 2.867738 
1 1 4.731178 
0 0 3.080623 
0 0 3.095591 
0 0 2.860086 
0 0 2.813319 
0 0 2.814032 
1 1 4.326515 
2 3 9.208922 
2 3 8.638611 
2 3 8.591884 
2 3 6.200241 
2 3 5.619569 
2 3 5.650894 
2 3 5.672655 
2 3 5.676017 
2 3 3.798634 
2 3 3.333236 
3 4 6.014128 
2 3 5.993148 
3 4 5.741218 
2 3 5.994187 
1 1 5.093998 
1 1 3.602645 
1 1 3.470541 
1 1 3.537981 
1 1 3.626203 
1 1 5.746465 
1 1 5.743498 
2 3 7.408721 
2 3 12.678210 
2 3 6.064904 
2 3 6.514595 
0 0 3.943519 
0 0 3.958441 
0 0 4.183487 
0 0 4.247080 
0 0 4.235272 
0 0 4.299276 
0 0 4.366567 
0 0 4.530737 
0 0 4.336928 
0 0 4.061536 
0 0 3.908716 
0 0 4.014491 
0 0 3.790658 
1 1 3.324087 
0 0 2.762123 
1 1 7.132450 
0 0 10.045841 
0 0 12.134426 
1 1 6.078095 
1 1 7.927200 
1 1 6.449758 
6 7 10.145190 
1 1 9.452524 
0 0 11.675965 
1 1 6.982611 
0 0 3.975729 
0 0 3.977612 
0 0 3.975666 
0 0 3.977626 
0 0 3.768619 
2 3 10.158839 
2 3 9.563215 
2 3 9.566320 
2 3 9.513774 
0 0 6.110485 
0 0 5.942644 
3 4 5.761527 
1 1 6.056356 
0 0 3.348877 
0 0 3.438249 
1 1 8.835881 
1 1 9.085380 
0 0 6.770016 
1 1 5.382616 
2 3 22.996970 
5 6 5.482877 
1 1 9.938701 
1 1 0.950157 
1 1 10.490232 
1 1 5.703018 
1 1 5.654873 
1 1 5.706687 
1 1 5.651967 
1 1 5.615501 
1 1 5.718790 
1 1 5.695573 
1 1 5.695042 
1 1 6.149836 
2 3 17.734339 
2 3 8.902029 
0 0 4.475771 
0 0 4.300912 
0 0 3.950776 
0 0 3.976678 
0 0 3.977591 
0 0 4.016462 
0 0 4.019519 
0 0 3.977496 
0 0 3.975999 
0 0 3.976891 
2 3 9.789167 
0 0 3.646051 
0 0 3.681776 
0 0 3.390921 
0 0 3.576679 
0 0 3.989917 
0 0 3.524097 
0 0 3.564195 
2 3 10.469574 
2 3 10.084012 
2 3 11.092734 
2 3 9.281902 
2 3 9.296266 
2 3 23.516824 
2 3 12.746665 
7 8 6.991893 
5 6 18.174280 
2 3 10.631385 
2 3 8.288491 
2 3 9.502105 
2 3 10.354815 
6 7 2.453081 
3 4 2.578521 
5 6 29.249043 
0 0 5.489920 
2 3 17.606196 
7 8 107.965558 
1 1 3.337156 
0 0 3.349015 
0 0 3.500153 
0 0 3.853369 
0 0 3.716473 
0 0 3.665136 
0 0 3.889801 
0 0 3.634303 
0 0 3.356868 
0 0 3.476941 
0 0 3.714291 
0 0 3.730595 
0 0 3.929768 
2 3 16.017470 
4 5 12.306878 
1 1 4.985902 
6 7 4.142995 
2 3 4.188532 
0 0 3.860705 
0 0 4.520230 
0 0 4.504060 
1 1 4.428303 
0 0 4.204092 
1 1 4.076267 
1 1 5.791330 
1 1 6.176935 
0 0 5.915971 
0 0 6.231935 
0 0 3.560063 
0 0 3.947731 
0 0 3.275321 
0 0 3.095276 
0 0 2.922242 
1 1 10.187894 
5 6 14.834438 
1 1 9.862112 
0 0 3.642155 
0 0 3.598277 
0 0 3.475797 
0 0 3.422268 
0 0 3.429070 
0 0 3.735703 
0 0 4.009150 
0 0 5.002680 
0 0 4.860882 
0 0 3.544411 
0 0 3.517725 
0 0 3.378028 
0 0 3.551466 
0 0 3.592351 
2 3 11.319640 
2 3 19.612585 
2 3 20.717115 
2 3 5.880550 
5 6 27.183536 
5 6 17.587220 
5 6 4.648151 
1 1 5.135430 
1 1 5.968759 
1 1 5.822950 
1 1 5.176900 
1 1 5.163304 
1 1 5.143198 
1 1 5.139195 
1 1 5.153239 
1 1 6.309065 
1 1 5.198617 
1 1 5.436557 
1 1 5.443087 
2 3 13.036763 
2 3 12.089078 
1 1 5.065713 
0 0 3.642367 
0 0 3.873338 
0 0 3.340053 
0 0 3.751608 
0 0 5.033657 
0 0 3.429521 
1 1 5.241698 
1 1 3.584469 
1 1 5.068547 
1 1 5.079195 
1 1 5.069625 
1 1 5.020082 
1 1 3.668733 
1 1 5.278668 
1 1 5.279105 
1 1 5.318000 
1 1 5.250964 
2 3 9.258106 
2 3 9.005259 
2 3 10.250349 
1 1 8.903544 
1 1 10.806676 
0 0 4.207131 
0 0 3.351672 
0 0 3.432200 
0 0 3.246081 
0 0 3.511811 
0 0 3.509706 
0 0 3.450380 
0 0 3.714658 
0 0 3.227911 
1 1 3.926232 
0 0 4.194815 
0 0 4.177870 
0 0 3.473334 
0 0 3.554183 
0 0 3.519885 
0 0 3.639195 
0 0 3.577672 
2 3 6.272345 
2 3 5.338496 
2 3 5.613738 
2 3 8.363733 
2 3 9.817128 
1 1 5.101900 
0 0 4.481010 
0 0 4.594922 
0 0 4.609213 
0 0 4.560269 
0 0 5.296175 
0 0 4.672082 
0 0 4.643604 
1 1 9.314552 
0 0 4.509243 
1 1 4.390150 
1 1 14.114261 
1 1 11.477514 
0 0 3.053161 
0 0 3.259985 
0 0 3.371861 
0 0 3.156984 
1 1 8.372349 
1 1 8.938673 
1 1 5.025257 
1 1 4.461006 
1 1 4.770911 
1 1 4.684863 
1 1 4.694974 
1 1 4.601748 
1 1 5.036729 
1 1 22.754479 
1 1 18.540941 
1 1 23.027939 
1 1 8.379468 
1 1 3.648306 
1 1 4.177529 
1 1 4.033204 
1 1 5.612521 
1 1 9.304338 
1 1 5.384264 
1 1 11.567577 
5 6 10.933118 
1 1 24.297383 
0 0 4.546221 
0 0 4.101931 
0 0 3.971299 
0 0 4.255312 
0 0 4.550968 
0 0 3.801768 
0 0 3.701888 
0 0 3.969927 
0 0 4.157738 
0 0 4.172501 
0 0 4.281667 
0 0 4.188067 
0 0 4.189833 
0 0 4.192134 
1 1 6.078728 
1 1 5.406475 
1 1 4.291766 
0 0 3.876762 
0 0 3.660223 
2 3 3.778458 
0 0 3.480460 
0 0 3.840075 
0 0 3.648191 
0 0 3.478038 
1 1 5.653391 
0 0 4.190720 
1 1 15.741544 
1 1 10.323776 
4 5 57.674374 
0 0 4.852191 
0 0 3.263071 
0 0 3.192700 
0 0 3.895329 
0 0 3.741516 
0 0 3.763497 
0 0 4.151603 
1 1 4.999286 
1 1 4.980810 
1 1 9.568435 
1 1 5.011835 
1 1 5.011440 
1 1 5.241870 
1 1 5.254372 
1 1 5.258565 
1 1 5.287931 
1 1 5.176675 
1 1 5.180790 
1 1 5.329848 
1 1 5.270493 
1 1 5.635735 
1 1 5.651194 
1 1 5.679312 
1 1 5.639370 
1 1 5.663812 
0 0 3.393155 
0 0 4.597133 
0 0 5.961152 
0 0 3.546414 
1 1 4.294866 
0 0 3.510375 
0 0 3.311648 
1 1 5.642939 
2 3 17.556673 
2 3 16.114661 
2 3 17.516194 
0 0 4.429409 
1 1 12.857025 
2 3 2.824290 
0 0 3.939696 
0 0 2.818462 
1 1 6.523979 
1 1 6.982518 
1 1 7.013006 
0 0 3.981025 
1 1 5.321099 
1 1 5.360183 
1 1 5.261637 
1 1 4.186491 
1 1 5.231953 
1 1 5.068243 
1 1 5.167822 
1 1 5.407730 
1 1 5.269187 
1 1 5.336680 
1 1 5.281688 
1 1 5.336422 
0 0 3.446130 
0 0 3.455244 
0 0 3.517071 
0 0 3.573177 
0 0 3.451299 
0 0 3.349241 
2 3 12.726978 
2 3 12.764249 
3 4 12.964456 
2 3 5.733035 
1 1 10.502735 
1 1 12.515895 
1 1 5.852245 
0 0 9.272529 
2 3 7.594540 
1 1 8.580834 
0 0 9.834219 
2 3 13.738955 
0 0 4.368186 
1 1 3.716053 
1 1 5.128716 
0 0 5.093101 
0 0 6.713171 
1 1 4.713988 
1 1 7.781895 
0 0 2.782835 
1 1 6.377363 
1 1 6.782503 
1 1 5.317270 
1 1 5.306205 
1 1 4.834157 
1 1 7.708920 
1 1 6.429309 
1 1 4.482056 
0 0 4.596047 
0 0 4.545852 
0 0 4.610864 
0 0 4.647075 
0 0 4.730078 
0 0 4.771736 
0 0 4.919425 
0 0 4.661437 
0 0 5.000244 
0 0 4.867005 
0 0 4.836330 
1 1 16.981301 
1 1 2.707478 
0 0 7.570853 
0 0 5.100453 
1 1 4.520458 
2 3 4.282245 
1 1 3.735252 
1 1 23.125839 
0 0 4.093473 
2 3 11.068567 
2 3 11.425871 
2 3 11.097697 
0 0 4.886995 
0 0 4.821199 
0 0 4.963302 
1 1 5.812543 
0 0 3.333045 
0 0 3.224172 
2 3 14.203492 
2 3 12.721021 
7 8 64.210860 
2 3 11.146383 
2 3 10.957625 
2 3 10.427620 
2 3 10.510278 
3 4 33.429295 
2 3 10.439003 
2 3 9.278770 
2 3 9.555663 
2 3 9.377172 
2 3 9.176853 
2 3 9.272721 
2 3 12.541797 
1 1 7.423175 
0 0 3.384087 
0 0 4.127296 
0 0 4.628821 
1 1 3.551670 
0 0 4.405750 
0 0 4.237694 
0 0 9.254523 
1 1 12.387923 
1 1 4.929165 
1 1 3.865394 
0 0 5.403093 
1 1 5.863492 
6 7 2.929952 
1 1 3.163786 
1 1 4.351445 
0 0 5.033148 
0 0 3.597004 
0 0 3.544524 
0 0 3.550140 
0 0 3.545279 
0 0 3.546355 
0 0 3.547791 
0 0 3.548320 
0 0 3.548699 
0 0 3.484222 
0 0 5.813650 
0 0 3.739797 
0 0 3.864325 
2 3 7.287699 
2 3 6.951959 
2 3 6.392902 
2 3 6.282678 
1 1 4.952864 
0 0 4.237416 
1 1 4.155201 
0 0 2.694984 
0 0 3.070171 
1 1 11.577549 
1 1 5.291556 
1 1 15.828175 
1 1 3.278338 
0 0 3.850906 
0 0 3.600055 
0 0 3.568391 
0 0 3.422786 
0 0 4.078311 
0 0 3.596379 
0 0 3.686043 
0 0 3.622738 
0 0 3.704080 
0 0 3.703189 
0 0 3.715292 
2 3 6.404247 
2 3 6.095317 
2 3 10.105267 
2 3 8.433105 
2 3 16.489232 
2 3 6.889827 
0 0 3.581657 
0 0 4.027097 
0 0 3.928581 
1 1 12.736287 
2 3 15.514929 
2 3 13.792444 
2 3 12.776976 
2 3 11.734775 
2 3 11.884181 
2 3 12.985937 
2 3 9.281521 
2 3 6.787741 
5 6 10.862364 
2 3 2.151989 
1 1 15.319498 
3 4 4.417629 
0 0 4.561747 
2 3 20.919117 
2 3 20.022675 
2 3 20.700393 
2 3 19.516994 
2 3 18.637325 
2 3 20.998489 
2 3 17.365258 
2 3 8.641145 
2 3 8.488624 
2 3 9.706114 
2 3 12.193692 
2 3 9.556242 
2 3 8.704986 
2 3 13.952986 
2 3 9.606718 
5 6 39.888097 
2 3 10.768443 
2 3 10.944649 
2 3 10.892528 
2 3 9.685552 
2 3 9.127198 
2 3 11.415727 
2 3 20.210858 
2 3 6.337605 
2 3 6.241888 
2 3 6.042297 
2 3 15.627370 
5 6 31.129396 
5 6 28.051796 
6 7 18.376743 
1 1 5.656206 
5 6 25.426788 
1 1 8.715796 
2 3 1.984587 
1 1 6.496052 
1 1 6.418056 
1 1 6.453524 
1 1 6.383356 
2 3 14.651519 
2 3 17.932429 
2 3 20.903669 
2 3 12.019594 
2 3 10.115644 
2 3 10.977157 
2 3 9.551540 
2 3 10.059238 
2 3 10.278293 
2 3 3.136218 
2 3 8.862991 
2 3 8.643211 
2 3 11.730745 
2 3 9.051229 
4 5 9.126732 
2 3 9.719618 
2 3 6.556771 
2 3 6.637674 
2 3 6.442084 
2 3 21.907526 
2 3 1.179729 
2 3 18.576573 
2 3 16.239517 
2 3 15.952937 
2 3 14.887463 
2 3 15.854411 
5 6 17.553952 
2 3 15.266087 
2 3 14.795219 
2 3 15.988821 
2 3 17.766104 
2 3 21.110603 
2 3 5.958365 
2 3 10.607860 
2 3 8.665609 
2 3 7.469866 
2 3 7.270599 
2 3 8.782432 
2 3 20.632473 
2 3 12.937049 
2 3 14.012131 
2 3 16.037868 
1 1 14.579312 
0 0 4.235697 
0 0 4.989709 
1 1 28.094022 
1 1 13.356212 
2 3 7.612674 
3 4 2.771876 
2 3 1.703046 
1 1 23.690896 
1 1 8.017462 
2 3 11.513366 
5 6 15.048338 
0 0 4.362210 
0 0 5.602734 
0 0 5.837657 
2 3 6.680004 
2 3 6.683067 
2 3 6.883484 
2 3 8.400051 
2 3 5.507451 
2 3 6.301682 
2 3 6.544488 
2 3 7.204313 
2 3 7.210062 
2 3 3.225189 
2 3 3.230010 
2 3 3.108820 
2 3 3.024090 
2 3 4.653489 
2 3 13.549481 
2 3 6.997813 
2 3 13.114031 
3 4 6.494442 
2 3 5.898328 
2 3 9.576975 
6 7 5.814255 
2 3 4.716666 
2 3 6.075346 
2 3 6.725966 
2 3 6.299730 
6 7 7.456905 
2 3 7.058877 
2 3 7.807321 
6 7 8.003434 
2 3 6.982213 
2 3 6.357604 
2 3 4.852459 
2 3 9.541491 
2 3 8.566853 
2 3 8.570293 
2 3 8.567726 
2 3 8.584185 
2 3 9.487696 
2 3 9.313519 
2 3 8.410619 
2 3 8.155751 
2 3 7.380681 
2 3 3.117804 
2 3 9.273991 
2 3 8.208433 
2 3 8.567518 
2 3 8.618636 
2 3 7.965685 
2 3 8.335901 
2 3 7.284173 
1 1 8.552322 
1 1 10.498706 
1 1 6.469913 
1 1 6.050586 
1 1 6.216046 
1 1 5.834160 
1 1 6.560241 
2 3 8.801811 
7 8 93.534179 
2 3 12.537907 
2 3 12.883771 
2 3 12.351402 
2 3 12.811369 
1 1 25.020952 
2 3 9.794589 
2 3 9.745050 
2 3 57.574489 
3 4 30.042538 
5 6 10.187937 
2 3 14.672876 
7 8 21.240428 
1 1 7.453968 
1 1 9.286853 
1 1 12.923516 
1 1 10.922403 
1 1 7.467356 
1 1 11.206000 
0 0 4.329829 
1 1 21.649523 
0 0 3.276205 
0 0 4.477851 
0 0 3.997230 
0 0 3.568364 
0 0 4.351364 
1 1 5.212232 
1 1 6.349733 
1 1 9.709426 
1 1 7.782354 
0 0 4.482542 
2 3 5.381465 
2 3 6.799316 
1 1 7.384169 
1 1 15.565971 
1 1 10.706025 
1 1 6.785897 
1 1 13.613589 
1 1 16.092126 
7 8 10.821038 
5 6 7.066689 
0 0 2.130281 
0 0 2.719667 
0 0 2.773990 
1 1 13.461179 
1 1 14.814606 
0 0 2.239621 
0 0 4.724294 
1 1 6.440913 
2 3 6.675711 
3 4 16.470709 
3 4 16.853172 
1 1 13.107741 
7 8 20.103706 
2 3 4.556376 
2 3 4.917062 
2 3 8.750170 
2 3 3.405828 
2 3 3.261457 
2 3 3.522811 
2 3 3.305326 
0 0 4.443000 
0 0 4.393730 
1 1 5.711277 
2 3 11.236990 
2 3 12.029465 
4 5 8.538887 
1 1 6.772859 
7 8 11.950126 
1 1 22.331824 
5 6 24.524809 
2 3 7.824809 
2 3 6.792937 
0 0 5.054244 
0 0 5.160894 
0 0 5.016554 
0 0 4.677454 
0 0 4.752890 
0 0 5.515215 
0 0 4.537327 
0 0 4.780173 
1 1 8.822624 
1 1 9.438206 
2 3 12.043141 
2 3 11.271874 
2 3 13.506636 
2 3 11.600234 
5 6 6.392408 
1 1 10.736409 
1 1 10.169917 
2 3 5.727045 
2 3 6.547926 
1 1 5.368766 
1 1 3.382589 
0 0 4.820056 
2 3 10.538240 
2 3 10.882883 
1 1 6.356473 
1 1 4.834217 
2 3 2.531972 
0 0 4.273255 
0 0 5.532256 
0 0 3.582948 
0 0 5.810093 
1 1 9.618564 
1 1 5.082125 
1 1 5.573423 
1 1 5.652421 
2 3 16.441174 
2 3 10.710563 
0 0 3.584624 
0 0 3.682752 
0 0 3.374652 
0 0 5.599383 
0 0 5.449440 
0 0 4.943242 
0 0 4.624719 
0 0 4.570043 
1 1 5.221789 
0 0 4.981707 
1 1 7.191680 
0 0 7.464133 
1 1 5.557007 
4 5 21.237710 
4 5 5.898267 
2 3 6.060414 
0 0 4.993291 
2 3 2.018639 
2 3 6.160492 
6 7 6.021648 
2 3 21.502771 
2 3 19.606916 
2 3 16.962780 
6 7 6.793448 
2 3 6.804000 
2 3 8.928274 
2 3 6.243580 
2 3 13.372174 
2 3 13.857332 
2 3 12.824219 
2 3 11.764423 
1 1 20.976354 
3 4 20.026916 
2 3 2.236424 
1 1 9.280985 
2 3 5.802494 
2 3 6.313714 
2 3 1.383784 
2 3 2.186563 
2 3 6.945859 
2 3 6.655890 
2 3 6.419514 
2 3 17.752969 
2 3 20.410257 
5 6 16.491964 
2 3 14.855389 
2 3 7.122858 
2 3 18.763766 
2 3 13.618652 
5 6 19.273730 
2 3 14.446213 
2 3 11.858255 
2 3 12.774957 
7 8 13.412299 
2 3 13.142049 
2 3 10.503761 
2 3 10.732660 
2 3 15.513283 
2 3 6.383613 
2 3 6.321904 
2 3 6.486864 
2 3 6.445873 
2 3 6.146594 
2 3 6.151984 
2 3 6.085877 
2 3 6.319278 
2 3 6.390223 
2 3 20.532178 
2 3 11.785939 
2 3 12.413038 
2 3 11.753817 
2 3 6.330471 
2 3 2.143033 
1 1 6.117880 
1 1 3.956442 
2 3 11.299920 
2 3 1.937497 
2 3 8.323216 
2 3 9.542435 
2 3 9.779148 
2 3 14.905262 
2 3 14.551723 
2 3 14.680887 
2 3 10.150363 
2 3 9.701037 
2 3 9.270898 
2 3 9.240764 
2 3 9.466725 
2 3 10.429502 
2 3 24.485932 
1 1 6.705547 
1 1 6.011440 
1 1 6.065074 
1 1 5.863401 
2 3 8.562514 
2 3 7.397880 
2 3 38.176644 
2 3 35.639017 
6 7 6.134868 
4 5 9.155675 
2 3 18.520095 
2 3 19.268505 
1 1 12.977244 
0 0 5.001821 
0 0 5.010662 
0 0 5.277134 
0 0 4.096866 
0 0 4.261447 
0 0 4.449260 
0 0 3.463133 
0 0 2.689463 
1 1 16.874582 
1 1 12.001403 
0 0 5.796550 
1 1 5.524205 
0 0 5.897763 
1 1 14.873347 
0 0 4.187634 
0 0 5.029982 
0 0 5.034620 
3 4 12.765491 
2 3 14.660885 
5 6 12.120341 
6 7 20.128074 
5 6 24.430611 
6 7 12.106004 
0 0 5.053877 
2 3 9.764812 
2 3 4.315624 
1 1 13.724297 
1 1 13.657790 
0 0 4.840399 
0 0 5.052621 
0 0 6.043776 
0 0 4.957717 
0 0 5.274907 
0 0 5.255679 
0 0 5.139316 
0 0 5.212414 
0 0 5.923834 
0 0 4.812412 
0 0 5.282648 
0 0 5.005966 
0 0 5.004033 
0 0 5.223785 
0 0 5.029647 
0 0 4.916139 
0 0 5.004942 
0 0 5.004942 
0 0 4.923951 
2 3 1.998359 
1 1 13.114851 
1 1 13.080020 
7 8 25.917061 
1 1 9.250140 
1 1 9.341143 
0 0 2.003635 
0 0 3.986443 
1 1 7.821709 
0 0 7.226585 
1 1 2.000366 
0 0 2.904029 
0 0 2.700647 
1 1 4.942506 
0 0 3.170997 
1 1 6.327516 
1 1 4.961947 
1 1 7.509095 
1 1 9.673074 
1 1 9.802221 
1 1 19.945490 
2 3 23.828254 
2 3 20.601938 
3 4 7.350984 
1 1 8.651952 
0 0 2.941610 
1 1 16.467463 
1 1 15.883805 
1 1 3.570512 
1 1 4.559921 
0 0 6.017562 
0 0 6.856877 
0 0 6.251987 
1 1 7.042596 
1 1 12.549157 
0 0 4.566631 
0 0 3.483682 
0 0 3.422581 
0 0 3.444707 
0 0 4.645048 
0 0 3.562384 
0 0 3.560520 
0 0 4.664195 
0 0 3.623928 
0 0 3.908815 
1 1 7.658217 
2 3 9.689876 
1 1 18.676488 
1 1 5.076896 
1 1 5.211890 
2 3 42.055642 
2 3 10.585544 
2 3 8.997444 
1 1 4.623317 
0 0 3.172614 
0 0 3.366770 
7 8 40.208077 
1 1 7.339458 
1 1 2.519656 
1 1 9.433415 
0 0 2.788807 
6 7 7.747396 
1 1 6.189414 
1 1 6.617594 
1 1 1.870117 
0 0 3.488607 
0 0 5.073859 
2 3 3.719698 
2 3 10.516891 
2 3 11.358332 
2 3 12.117410 
2 3 13.004954 
2 3 11.902749 
2 3 11.877282 
2 3 11.880418 
0 0 4.651376 
0 0 3.472593 
0 0 3.750173 
1 1 3.815068 
0 0 3.409058 
0 0 3.561910 
0 0 4.265812 
0 0 4.200205 
0 0 4.441338 
0 0 4.740848 
0 0 3.936929 
0 0 3.929378 
0 0 3.776912 
0 0 3.463753 
0 0 4.180350 
1 1 3.592951 
0 0 3.608664 
0 0 3.944256 
0 0 4.245616 
0 0 4.259146 
0 0 4.249070 
0 0 3.735232 
0 0 3.448716 
0 0 2.949503 
5 6 5.742161 
5 6 4.535709 
1 1 3.059666 
1 1 4.023428 
0 0 3.984311 
1 1 4.067359 
5 6 4.375288 
0 0 2.785401 
0 0 3.793408 
1 1 4.885169 
0 0 4.786437 
0 0 2.315806 
0 0 2.208029 
0 0 2.190970 
0 0 2.345569 
0 0 4.348372 
0 0 4.046979 
0 0 4.428931 
0 0 4.512216 
0 0 4.336511 
0 0 4.569608 
0 0 4.824758 
0 0 4.903939 
0 0 4.893693 
0 0 4.462654 
0 0 4.839441 
0 0 3.834971 
0 0 4.151812 
0 0 2.245634 
0 0 2.927711 
5 6 4.416926 
1 1 10.223692 
1 1 5.634133 
1 1 5.700962 
0 0 4.930184 
0 0 6.773126 
0 0 7.862876 
0 0 4.435295 
0 0 4.059906 
0 0 8.842354 
0 0 5.497484 
0 0 4.653125 
0 0 4.643945 
0 0 5.155120 
3 4 5.662692 
0 0 2.923348 
0 0 5.033772 
0 0 4.275183 
0 0 4.369428 
0 0 4.770421 
1 1 3.510821 
1 1 5.645782 
1 1 5.769441 
1 1 5.703846 
1 1 5.593561 
1 1 10.257065 
1 1 20.258413 
0 0 4.416167 
0 0 4.368688 
0 0 4.410942 
0 0 4.527750 
0 0 4.345579 
0 0 3.313145 
0 0 3.471107 
0 0 3.405357 
0 0 3.270638 
0 0 3.337912 
1 1 16.282953 
1 1 9.380467 
0 0 3.633692 
1 1 3.256755 
0 0 3.872696 
1 1 3.033368 
0 0 6.461955 
0 0 4.622330 
0 0 5.668328 
0 0 2.022411 
0 0 5.309969 
0 0 4.304619 
0 0 4.123531 
0 0 4.196806 
0 0 4.528406 
0 0 4.534450 
0 0 4.334467 
1 1 5.593468 
1 1 5.476130 
1 1 5.481243 
1 1 5.739175 
1 1 6.068066 
1 1 6.245151 
1 1 6.146445 
1 1 6.312498 
1 1 5.908476 
0 0 3.791542 
0 0 4.535982 
0 0 4.264650 
0 0 4.495361 
2 3 2.458713 
0 0 2.047267 
0 0 3.036168 
1 1 6.216614 
0 0 3.904231 
0 0 3.282891 
0 0 3.364523 
0 0 3.513285 
1 1 5.735717 
1 1 5.709580 
1 1 5.747852 
1 1 5.483416 
1 1 5.460614 
0 0 3.960807 
0 0 3.959858 
0 0 3.962079 
2 3 10.051478 
2 3 7.598557 
2 3 9.193126 
2 3 15.109875 
2 3 7.986267 
2 3 6.583567 
2 3 14.265191 
2 3 14.874450 
2 3 14.821597 
2 3 13.606084 
2 3 13.870099 
0 0 3.961189 
0 0 3.962187 
0 0 4.520116 
0 0 4.666127 
0 0 3.791585 
0 0 3.922098 
0 0 3.903849 
0 0 3.905012 
0 0 3.904796 
0 0 3.906530 
1 1 5.464676 
1 1 5.454346 
1 1 5.450707 
1 1 5.570920 
0 0 3.113801 
0 0 3.220414 
1 1 4.584312 
0 0 3.449919 
2 3 8.292397 
2 3 7.910618 
2 3 5.106840 
2 3 4.787214 
5 6 16.355889 
0 0 3.970248 
0 0 3.971395 
0 0 3.969598 
0 0 3.969821 
0 0 3.969941 
0 0 3.970010 
2 3 13.710337 
0 0 3.907124 
0 0 3.692258 
0 0 4.072601 
0 0 3.907137 
0 0 4.008590 
5 6 39.465129 
5 6 21.986453 
0 0 3.539356 
0 0 3.619883 
0 0 3.620011 
1 1 6.343353 
0 0 5.616559 
0 0 3.591801 
5 6 30.335443 
1 1 14.434514 
0 0 3.771040 
0 0 3.879423 
0 0 3.676261 
0 0 3.996086 
0 0 4.363076 
0 0 4.488568 
0 0 4.211391 
0 0 4.350244 
0 0 4.049639 
0 0 3.456832 
0 0 3.445391 
0 0 3.749004 
2 3 3.652128 
0 0 3.674072 
0 0 3.738094 
0 0 3.999699 
0 0 3.865600 
0 0 2.652906 
0 0 3.180855 
0 0 4.095498 
2 3 12.768854 
2 3 15.399999 
1 1 1.881228 
1 1 5.668449 
1 1 20.441977 
0 0 3.960927 
0 0 3.959996 
0 0 3.959539 
0 0 3.957996 
0 0 3.960955 
0 0 3.959476 
0 0 3.958238 
1 1 15.494274 
1 1 5.820011 
0 0 3.093596 
1 1 7.327286 
1 1 5.832537 
1 1 5.624669 
0 0 5.768048 
0 0 4.491743 
0 0 3.327144 
0 0 3.163708 
0 0 5.942886 
0 0 6.671959 
1 1 6.345015 
0 0 4.566645 
0 0 3.828164 
0 0 3.864474 
0 0 2.507836 
1 1 13.625616 
5 6 41.560414 
2 3 14.116035 
0 0 3.887055 
0 0 3.396709 
0 0 4.203984 
0 0 3.933082 
0 0 3.530215 
0 0 3.238100 
0 0 3.497521 
0 0 3.312489 
0 0 4.788714 
0 0 3.628112 
0 0 3.650042 
0 0 3.465907 
0 0 3.191521 
0 0 3.335772 
1 1 3.362328 
0 0 3.377452 
2 3 3.437690 
0 0 3.459431 
2 3 1.731964 
2 3 16.264466 
2 3 20.912556 
2 3 19.984680 
0 0 9.035028 
0 0 4.779279 
0 0 3.720741 
2 3 14.827266 
2 3 12.327010 
0 0 3.885189 
1 1 15.520835 
1 1 10.257190 
1 1 5.274038 
1 1 6.055814 
1 1 12.976907 
1 1 15.295586 
1 1 11.809494 
1 1 8.374508 
1 1 12.240940 
1 1 9.680460 
0 0 3.719036 
0 0 3.701109 
0 0 3.446282 
0 0 3.244588 
5 6 20.692868 
2 3 8.211134 
2 3 21.976186 
2 3 2.550515 
2 3 7.077958 
2 3 6.621435 
7 8 7.303481 
2 3 7.334387 
2 3 6.128386 
2 3 6.115638 
2 3 6.679251 
2 3 7.115731 
2 3 7.423216 
2 3 7.470351 
2 3 1.909534 
1 1 5.099867 
1 1 5.128055 
1 1 4.884017 
1 1 4.957864 
1 1 5.044878 
0 0 2.211355 
0 0 3.859910 
2 3 11.348866 
2 3 11.352111 
2 3 10.548110 
2 3 11.363256 
1 1 18.265770 
1 1 6.091059 
0 0 3.310522 
0 0 3.306366 
0 0 3.026357 
1 1 14.972019 
1 1 8.163927 
0 0 3.740019 
0 0 2.416202 
0 0 2.782353 
1 1 7.200520 
1 1 7.641909 
0 0 4.413031 
0 0 6.973348 
1 1 3.359648 
0 0 7.163936 
1 1 4.710312 
1 1 8.812190 
0 0 3.939005 
1 1 4.043453 
1 1 4.078097 
1 1 5.552985 
1 1 2.428707 
0 0 3.662853 
2 3 16.990835 
2 3 18.526118 
2 3 8.812746 
2 3 0.888826 
6 7 3.310065 
2 3 3.495441 
1 1 3.218717 
2 3 4.366012 
2 3 5.706372 
1 1 10.364295 
1 1 3.671165 
1 1 18.963848 
2 3 8.404675 
2 3 8.339192 
2 3 8.398964 
0 0 4.123068 
1 1 4.231969 
1 1 29.198887 
1 1 42.801596 
1 1 42.014698 
0 0 7.459544 
0 0 3.919113 
0 0 3.802985 
1 1 23.198714 
5 6 21.683962 
0 0 3.986354 
1 1 5.881695 
1 1 6.814337 
1 1 2.944452 
0 0 3.544909 
0 0 3.151363 
3 4 3.435835 
0 0 3.243953 
1 1 4.632970 
1 1 10.680386 
1 1 5.511167 
0 0 2.254261 
3 4 3.464128 
0 0 5.130233 
0 0 4.254590 
1 1 3.606148 
0 0 3.965172 
0 0 6.076045 
0 0 5.632350 
0 0 5.451848 
4 5 4.564128 
2 3 18.979247 
2 3 14.286106 
2 3 13.399672 
2 3 12.719658 
2 3 23.340079 
0 0 7.949325 
1 1 4.864324 
2 3 16.430938 
2 3 15.177489 
2 3 7.595701 
2 3 6.040695 
2 3 6.102029 
2 3 6.308042 
2 3 6.973473 
2 3 6.775631 
2 3 6.268221 
2 3 6.302392 
2 3 9.355087 
2 3 5.800931 
2 3 6.582161 
2 3 6.378271 
2 3 5.676164 
2 3 5.553077 
2 3 7.515812 
2 3 5.655968 
2 3 5.674546 
2 3 6.248733 
2 3 5.827909 
2 3 7.021768 
2 3 6.771587 
2 3 7.932851 
2 3 5.932533 
2 3 50.192208 
2 3 8.116768 
7 8 20.171442 
1 1 4.414233 
0 0 1.974155 
0 0 3.401696 
1 1 8.533703 
1 1 4.847377 
1 1 5.560708 
2 3 2.324916 
2 3 2.876015 
2 3 2.325579 
2 3 72.182985 
2 3 13.517630 
2 3 5.997265 
2 3 36.906294 
2 3 2.033489 
2 3 2.033669 
2 3 2.042940 
2 3 84.329137 
2 3 2.033118 
2 3 2.042442 
2 3 2.049220 
2 3 44.297394 
7 8 14.667650 
2 3 11.916015 
2 3 25.723031 
7 8 36.886106 
2 3 2.032762 
2 3 2.030647 
2 3 1.938960 
2 3 92.114914 
2 3 68.389848 
2 3 2.028106 
7 8 15.286834 
2 3 35.242805 
7 8 27.756745 
1 1 4.066685 
1 1 7.953333 
3 4 3.304346 
0 0 3.269993 
1 1 3.582659 
0 0 3.868705 
6 7 4.494465 
0 0 5.057304 
1 1 6.693990 
1 1 6.108984 
2 3 16.732594 
2 3 16.831725 
2 3 13.268745 
2 3 16.476238 
2 3 8.660045 
2 3 10.729100 
2 3 15.803478 
2 3 1.940867 
2 3 21.409950 
2 3 22.077825 
2 3 21.606030 
2 3 12.566187 
2 3 8.238824 
2 3 8.707854 
2 3 8.055776 
2 3 50.076494 
2 3 22.826797 
1 1 5.231700 
1 1 5.135952 
1 1 1.885808 
1 1 5.166182 
1 1 5.143065 
1 1 5.448022 
1 1 5.185398 
1 1 10.294534 
2 3 1.668190 
2 3 9.080712 
2 3 9.865595 
2 3 10.082934 
2 3 1.415158 
0 0 3.689968 
0 0 3.729502 
0 0 3.727638 
0 0 4.017790 
0 0 3.610262 
0 0 3.724703 
0 0 3.716878 
0 0 3.734893 
0 0 3.733650 
0 0 3.735753 
0 0 3.747690 
0 0 3.689377 
0 0 3.576701 
0 0 3.575501 
0 0 3.677733 
0 0 3.587823 
2 3 6.230104 
2 3 10.007698 
2 3 9.757863 
2 3 7.218825 
1 1 8.181909 
0 0 6.482251 
2 3 10.433429 
2 3 16.970102 
5 6 13.393292 
2 3 19.240229 
2 3 19.135267 
2 3 17.760452 
2 3 1.809669 
2 3 8.843631 
2 3 7.948737 
2 3 8.668237 
2 3 10.078724 
2 3 11.170988 
2 3 12.472700 
1 1 5.917154 
1 1 6.310807 
2 3 2.304806 
1 1 6.132833 
1 1 5.906222 
1 1 6.028173 
1 1 6.299307 
1 1 6.247233 
1 1 5.749324 
1 1 3.311817 
2 3 11.685184 
2 3 12.622412 
1 1 21.688253 
2 3 9.062946 
2 3 8.022599 
2 3 10.230792 
2 3 11.053616 
0 0 3.768179 
1 1 6.357934 
1 1 5.742868 
1 1 6.357262 
0 0 4.457951 
2 3 9.652795 
0 0 3.339272 
0 0 3.800847 
1 1 3.850207 
0 0 3.366257 
1 1 5.992100 
0 0 3.597059 
0 0 4.068625 
1 1 6.234986 
2 3 9.134800 
2 3 8.834312 
1 1 26.675547 
1 1 29.271351 
0 0 3.179724 
2 3 10.136413 
2 3 7.681181 
2 3 7.842965 
2 3 7.939784 
1 1 3.904811 
1 1 3.649825 
1 1 3.657615 
1 1 3.633447 
1 1 3.786672 
6 7 4.008397 
1 1 3.322988 
1 1 3.655225 
1 1 3.345302 
1 1 3.808579 
1 1 3.590774 
1 1 3.618360 
1 1 3.336439 
1 1 3.643854 
1 1 3.635569 
1 1 5.618282 
1 1 3.642274 
1 1 3.469244 
1 1 3.641030 
1 1 3.790944 
1 1 3.831109 
1 1 3.771059 
1 1 3.257573 
1 1 3.878581 
1 1 3.801990 
1 1 13.221566 
0 0 4.102230 
0 0 3.806813 
0 0 3.731473 
0 0 3.829306 
0 0 4.181478 
0 0 4.413873 
2 3 2.051782 
2 3 6.934235 
2 3 7.022876 
2 3 6.406822 
5 6 5.779090 
2 3 4.853900 
2 3 5.046072 
2 3 5.709561 
0 0 3.568609 
0 0 3.465302 
0 0 3.154852 
1 1 5.692699 
1 1 5.671870 
1 1 5.634284 
1 1 5.710028 
1 1 5.537683 
0 0 4.959713 
0 0 5.359706 
0 0 4.024341 
0 0 4.023287 
0 0 4.134051 
0 0 4.039089 
0 0 3.992034 
0 0 3.988602 
0 0 4.005682 
0 0 3.959742 
0 0 4.126818 
0 0 4.130399 
0 0 3.817236 
1 1 3.646313 
1 1 3.345014 
1 1 3.657810 
0 0 10.576922 
1 1 28.431824 
2 3 19.882466 
2 3 21.184410 
1 1 4.058073 
1 1 3.954429 
1 1 5.650658 
1 1 5.638583 
1 1 7.583224 
1 1 4.076139 
1 1 4.041524 
1 1 5.738387 
1 1 5.754246 
1 1 4.170475 
1 1 4.252413 
1 1 5.586041 
1 1 5.651626 
0 0 3.417587 
0 0 4.170594 
0 0 4.107133 
0 0 4.206639 
0 0 4.194303 
0 0 4.194123 
0 0 4.193961 
0 0 4.194727 
0 0 4.194513 
0 0 4.195644 
0 0 4.195315 
0 0 4.194864 
0 0 4.196432 
0 0 4.197089 
0 0 4.197648 
1 1 9.592220 
1 1 8.238928 
1 1 4.188165 
2 3 2.593519 
1 1 5.561478 
1 1 5.476022 
1 1 5.626956 
2 3 15.638487 
1 1 6.147249 
1 1 6.189759 
1 1 6.199974 
5 6 14.626106 
1 1 6.161482 
0 0 4.824707 
0 0 4.911613 
0 0 3.410573 
0 0 3.772645 
0 0 4.773619 
1 1 5.654186 
0 0 5.370269 
1 1 3.773616 
1 1 4.479120 
0 0 4.715351 
0 0 2.698828 
0 0 3.195988 
1 1 9.959479 
0 0 4.521511 
1 1 2.197199 
0 0 5.554398 
0 0 4.749945 
1 1 5.232092 
1 1 6.435734 
0 0 2.793050 
0 0 2.809340 
1 1 3.981738 
1 1 4.977687 
1 1 3.357258 
0 0 6.334710 
0 0 5.327075 
1 1 5.504521 
1 1 5.357820 
0 0 2.836670 
2 3 1.609791 
1 1 4.138582 
0 0 4.197283 
0 0 4.001827 
0 0 4.232446 
1 1 8.873079 
1 1 16.086224 
1 1 8.545456 
1 1 9.927168 
1 1 9.870916 
0 0 2.747654 
0 0 2.636682 
0 0 3.997970 
0 0 4.861323 
0 0 2.635299 
0 0 2.344402 
0 0 2.953933 
0 0 2.361872 
0 0 2.029240 
0 0 2.414592 
0 0 1.872174 
2 3 2.088898 
2 3 2.589760 
0 0 2.089141 
1 1 24.659434 
0 0 1.967863 
1 1 5.178613 
1 1 5.108987 
1 1 5.163070 
1 1 5.313438 
2 3 10.743505 
2 3 10.176493 
2 3 10.947767 
2 3 10.008157 
2 3 8.370558 
2 3 7.285718 
2 3 10.478887 
2 3 7.010226 
2 3 10.347904 
2 3 15.086234 
5 6 76.372185 
1 1 14.058490 
1 1 9.362945 
1 1 5.350755 
1 1 5.318787 
1 1 5.352775 
1 1 5.267053 
1 1 5.066448 
1 1 5.225983 
1 1 5.227839 
1 1 10.531329 
1 1 9.202417 
1 1 14.248153 
1 1 11.165886 
1 1 9.906323 
1 1 9.783155 
1 1 10.083602 
6 7 4.745640 
0 0 8.342702 
0 0 10.540931 
0 0 6.514817 
0 0 6.314889 
1 1 8.058589 
1 1 5.153352 
1 1 6.852748 
1 1 4.356322 
1 1 4.251412 
1 1 15.301460 
2 3 8.269589 
0 0 6.443424 
0 0 5.768001 
1 1 4.323641 
0 0 3.771825 
3 4 15.255439 
2 3 15.816724 
2 3 14.090423 
2 3 15.092822 
5 6 14.559711 
2 3 14.067096 
5 6 34.645827 
1 1 12.032099 
1 1 5.231262 
1 1 5.162095 
1 1 5.190971 
1 1 5.153547 
2 3 14.702718 
1 1 6.677281 
0 0 3.582308 
0 0 3.634004 
0 0 3.928004 
0 0 3.791691 
0 0 3.941448 
0 0 3.922348 
0 0 4.088987 
0 0 4.019379 
0 0 3.929759 
0 0 3.725223 
0 0 3.868539 
0 0 2.263350 
0 0 3.329414 
0 0 3.578474 
0 0 3.783350 
0 0 3.319173 
0 0 3.359019 
0 0 3.351404 
0 0 3.346975 
0 0 3.454625 
0 0 3.376323 
0 0 3.542786 
0 0 3.427707 
0 0 3.221499 
0 0 3.325577 
1 1 4.425606 
1 1 5.493809 
2 3 7.264951 
0 0 3.513994 
1 1 6.273637 
1 1 6.726828 
0 0 3.096690 
1 1 6.664589 
1 1 7.497983 
0 0 5.491560 
2 3 16.421095 
0 0 4.383889 
0 0 3.795104 
0 0 4.106954 
0 0 4.107745 
0 0 4.106245 
0 0 4.106272 
0 0 4.103254 
0 0 4.134776 
0 0 3.858934 
0 0 5.456232 
1 1 4.922159 
1 1 3.446244 
1 1 3.131720 
4 5 4.762912 
2 3 5.442854 
0 0 3.947097 
1 1 5.424702 
1 1 6.243789 
1 1 6.483321 
2 3 8.626406 
0 0 3.453916 
0 0 3.771675 
0 0 4.574493 
0 0 4.604593 
0 0 4.419546 
0 0 5.109193 
0 0 5.117294 
0 0 12.531602 
1 1 12.992368 
1 1 11.394370 
1 1 9.788577 
0 0 3.738551 
1 1 5.130614 
0 0 4.885113 
0 0 3.428615 
0 0 3.671014 
0 0 3.679363 
0 0 3.495849 
4 5 4.736378 
1 1 6.440015 
1 1 6.908569 
1 1 3.642057 
1 1 3.667649 
3 4 7.404144 
1 1 3.632705 
1 1 3.811930 
5 6 25.270062 
1 1 15.758422 
1 1 6.997102 
1 1 7.253866 
0 0 3.736231 
0 0 3.782143 
0 0 3.712946 
0 0 4.025834 
0 0 3.923052 
0 0 4.098817 
0 0 4.097829 
0 0 4.098591 
0 0 4.099250 
0 0 3.970217 
0 0 3.968654 
0 0 3.970654 
0 0 3.970964 
0 0 3.967976 
0 0 3.799756 
1 1 9.130108 
0 0 5.099222 
1 1 4.842098 
0 0 5.016357 
0 0 4.080068 
0 0 3.859744 
0 0 5.363779 
1 1 7.035295 
1 1 5.488888 
1 1 4.582144 
1 1 3.443269 
1 1 3.266275 
1 1 3.085986 
2 3 10.054745 
2 3 10.475256 
2 3 10.411219 
2 3 9.960129 
7 8 6.142576 
7 8 6.057461 
2 3 3.120278 
2 3 14.428776 
2 3 16.870822 
2 3 20.373103 
2 3 1.989963 
2 3 19.037536 
2 3 16.719721 
2 3 9.108358 
1 1 3.834586 
1 1 4.923142 
1 1 4.846421 
1 1 4.834598 
1 1 4.834590 
1 1 4.817906 
1 1 5.044821 
0 0 6.363632 
1 1 14.373614 
1 1 21.210063 
1 1 4.801648 
1 1 4.866399 
1 1 4.866010 
1 1 6.638716 
1 1 4.898710 
5 6 34.202831 
1 1 9.955111 
1 1 4.831198 
1 1 5.021644 
1 1 3.600449 
0 0 2.159450 
0 0 1.679530 
0 0 3.264007 
0 0 4.770260 
0 0 3.789641 
0 0 4.015376 
0 0 4.213960 
0 0 4.183685 
0 0 4.184878 
0 0 4.007696 
0 0 3.288070 
0 0 3.682075 
0 0 3.782744 
1 1 14.502472 
1 1 4.183312 
1 1 3.400123 
1 1 3.434847 
1 1 3.431560 
1 1 3.596667 
1 1 3.321449 
1 1 3.085850 
1 1 3.373794 
1 1 4.024405 
1 1 3.172170 
2 3 15.788987 
1 1 5.896343 
0 0 3.607067 
2 3 2.128716 
0 0 4.466372 
0 0 3.124038 
0 0 2.616931 
0 0 3.728028 
0 0 3.490223 
3 4 4.336074 
0 0 1.871073 
1 1 5.718289 
2 3 11.967360 
2 3 13.407356 
2 3 13.093043 
2 3 12.900850 
2 3 13.645527 
2 3 14.646540 
1 1 10.804088 
1 1 10.385910 
1 1 10.195841 
2 3 16.450160 
2 3 11.898069 
2 3 11.162851 
2 3 10.700823 
2 3 10.548753 
1 1 5.282710 
2 3 5.312367 
2 3 8.483319 
5 6 37.552214 
7 8 16.688656 
5 6 19.378945 
1 1 14.113185 
1 1 16.573994 
0 0 5.162254 
0 0 3.417939 
0 0 3.506727 
0 0 3.641060 
0 0 3.513681 
0 0 3.485205 
0 0 3.726354 
0 0 3.520478 
0 0 3.407135 
0 0 3.347513 
0 0 3.428046 
1 1 4.604892 
0 0 3.442654 
1 1 5.256011 
1 1 5.190438 
0 0 3.037460 
0 0 2.318487 
0 0 4.101312 
0 0 4.541581 
0 0 4.250727 
0 0 4.312396 
2 3 9.775555 
2 3 10.627655 
2 3 11.182681 
2 3 14.833021 
2 3 13.180956 
2 3 1.910861 
2 3 5.444281 
2 3 5.853794 
2 3 5.859609 
2 3 5.849220 
2 3 5.193898 
2 3 2.114398 
0 0 3.726516 
0 0 3.721198 
0 0 3.726097 
0 0 3.627142 
0 0 3.739858 
0 0 3.803389 
0 0 3.688957 
2 3 8.519049 
2 3 8.452531 
2 3 10.033257 
2 3 10.490639 
2 3 9.314377 
0 0 3.606717 
1 1 4.188663 
1 1 3.922054 
1 1 4.015722 
1 1 4.174161 
5 6 20.018442 
1 1 19.112274 
3 4 2.386259 
0 0 1.970406 
1 1 5.051091 
1 1 5.326338 
1 1 5.371419 
1 1 5.242152 
1 1 6.132014 
1 1 6.035688 
1 1 6.084426 
1 1 6.454533 
1 1 6.248693 
1 1 6.075870 
1 1 6.086305 
1 1 6.062201 
1 1 5.980618 
1 1 15.876469 
5 6 19.492225 
2 3 26.665698 
2 3 1.624954 
2 3 24.355977 
2 3 50.046594 
1 1 6.379451 
1 1 6.151442 
2 3 2.284519 
1 1 6.394623 
1 1 5.910185 
0 0 3.299211 
0 0 3.724326 
0 0 4.209299 
0 0 2.909644 
0 0 3.496524 
0 0 3.425449 
0 0 3.315960 
0 0 3.302425 
0 0 3.442908 
0 0 3.714665 
0 0 3.713897 
0 0 3.758759 
0 0 3.720204 
0 0 3.727220 
0 0 3.713890 
0 0 3.715199 
0 0 3.747105 
0 0 3.716381 
1 1 8.623969 
0 0 4.671398 
0 0 4.451978 
1 1 5.709828 
1 1 5.805134 
1 1 5.833658 
2 3 22.655562 
2 3 24.913376 
2 3 24.048868 
2 3 21.851702 
5 6 31.546339 
2 3 21.274621 
2 3 37.074242 
0 0 5.123951 
0 0 3.014684 
1 1 7.239513 
1 1 7.267908 
1 1 7.166760 
0 0 6.081920 
1 1 7.972178 
1 1 8.030921 
1 1 14.268602 
1 1 17.418726 
2 3 8.687044 
2 3 11.113809 
2 3 15.635429 
2 3 16.523739 
1 1 6.127160 
3 4 12.102779 
5 6 5.962587 
0 0 3.863268 
0 0 3.224751 
0 0 3.711276 
0 0 4.198557 
2 3 4.235146 
0 0 4.098067 
0 0 3.322547 
0 0 3.412909 
0 0 3.518623 
0 0 3.672177 
0 0 4.583053 
0 0 3.225336 
0 0 3.053286 
0 0 4.525556 
0 0 3.920926 
0 0 5.517218 
0 0 3.572514 
0 0 3.526730 
0 0 3.238940 
1 1 5.709688 
1 1 1.718927 
1 1 6.401619 
1 1 6.287246 
1 1 6.226063 
1 1 6.432393 
0 0 4.661602 
0 0 3.322406 
0 0 3.474668 
0 0 3.378818 
0 0 3.419971 
0 0 3.197767 
0 0 4.628149 
0 0 3.591601 
0 0 3.996298 
0 0 3.280614 
0 0 4.631971 
0 0 3.849690 
0 0 4.165515 
0 0 4.205684 
0 0 4.154629 
0 0 4.132089 
0 0 4.285617 
0 0 4.280256 
1 1 5.897713 
1 1 5.866004 
1 1 5.854498 
1 1 13.612718 
2 3 2.212211 
1 1 13.872774 
1 1 43.179627 
1 1 5.664746 
0 0 3.810489 
2 3 4.038923 
2 3 18.521571 
2 3 17.288713 
2 3 20.069342 
2 3 19.226146 
2 3 18.986729 
1 1 6.123049 
1 1 8.303844 
1 1 6.313678 
0 0 4.324247 
0 0 9.800238 
0 0 10.335545 
0 0 7.999270 
1 1 6.409996 
1 1 9.916558 
0 0 5.364538 
0 0 3.298825 
0 0 5.443037 
2 3 14.450975 
2 3 47.779167 
0 0 3.763092 
0 0 4.434245 
0 0 4.380783 
0 0 4.047142 
0 0 3.780210 
0 0 4.074721 
0 0 3.978825 
0 0 4.079176 
0 0 4.296104 
0 0 4.296701 
0 0 4.385847 
1 1 7.421901 
1 1 8.379178 
1 1 6.165529 
1 1 6.055573 
1 1 6.076102 
0 0 4.632449 
0 0 3.774853 
0 0 3.512737 
0 0 4.528554 
0 0 4.602821 
0 0 3.568886 
0 0 3.469551 
0 0 3.733306 
0 0 6.236136 
0 0 4.826433 
0 0 4.901782 
0 0 4.213339 
0 0 4.212613 
1 1 5.126595 
1 1 6.808573 
0 0 3.925479 
0 0 4.048526 
0 0 4.250731 
0 0 4.042602 
0 0 3.753881 
0 0 3.969131 
0 0 3.967779 
0 0 3.969227 
0 0 3.968356 
0 0 3.969697 
0 0 3.967736 
0 0 4.089943 
0 0 3.995497 
0 0 3.869826 
0 0 3.773999 
0 0 3.672250 
0 0 3.944162 
0 0 4.372867 
1 1 4.061861 
1 1 8.222908 
1 1 8.204617 
1 1 3.125287 
1 1 4.972259 
0 0 3.197670 
0 0 3.161687 
0 0 3.055722 
2 3 2.343168 
1 1 6.351508 
1 1 4.707885 
1 1 5.342265 
1 1 5.321582 
1 1 5.303616 
0 0 1.594891 
1 1 7.072943 
1 1 3.451066 
1 1 10.794068 
1 1 7.615536 
2 3 24.787334 
1 1 13.693134 
1 1 16.659203 
1 1 5.168932 
1 1 5.049966 
1 1 5.261657 
1 1 5.100145 
0 0 9.246241 
0 0 3.553405 
0 0 3.549923 
0 0 3.285662 
0 0 3.719642 
2 3 4.791251 
2 3 2.306432 
1 1 5.324428 
1 1 5.298344 
1 1 5.117546 
1 1 4.210512 
1 1 7.228078 
0 0 2.760307 
0 0 2.547473 
0 0 5.015212 
6 7 2.411197 
0 0 3.823963 
0 0 5.600354 
2 3 13.802768 
2 3 13.708378 
2 3 47.692180 
2 3 13.017669 
0 0 10.568773 
1 1 3.861959 
1 1 3.911707 
1 1 9.356214 
1 1 7.673499 
1 1 8.450648 
0 0 2.486312 
0 0 3.244285 
0 0 2.954348 
0 0 4.715240 
0 0 4.549743 
0 0 5.318908 
2 3 13.093566 
2 3 12.044158 
0 0 6.545048 
0 0 5.731935 
0 0 6.017483 
0 0 1.558186 
0 0 3.049680 
1 1 4.252081 
1 1 4.116423 
1 1 4.205640 
1 1 3.956481 
1 1 4.018519 
0 0 4.487812 
0 0 4.429189 
0 0 4.486575 
0 0 4.429299 
0 0 4.487969 
0 0 4.429940 
0 0 4.433688 
0 0 4.325015 
0 0 5.017263 
0 0 3.542823 
0 0 3.372319 
1 1 4.517265 
0 0 3.872777 
0 0 3.791983 
0 0 3.335813 
2 3 3.368457 
2 3 3.758150 
5 6 20.954948 
1 1 5.983453 
1 1 5.974374 
1 1 5.969405 
1 1 5.941824 
1 1 5.936665 
0 0 4.073801 
1 1 11.505030 
5 6 29.582441 
2 3 13.998447 
2 3 12.407152 
2 3 11.169156 
2 3 9.076626 
2 3 8.026112 
2 3 7.654340 
2 3 7.108686 
2 3 3.196125 
2 3 8.112034 
2 3 8.646030 
2 3 6.690609 
2 3 7.246986 
2 3 15.306268 
2 3 25.261807 
2 3 4.005182 
0 0 3.687812 
0 0 3.778484 
0 0 3.729079 
0 0 3.688788 
0 0 3.781668 
0 0 3.689055 
0 0 3.653641 
1 1 7.535958 
5 6 24.624996 
0 0 7.093773 
2 3 5.800255 
1 1 6.259842 
0 0 5.203586 
2 3 6.834292 
1 1 5.360384 
1 1 5.399505 
1 1 5.356923 
1 1 5.410666 
1 1 5.364407 
1 1 5.350007 
1 1 5.339069 
1 1 5.288494 
1 1 5.238504 
1 1 5.323401 
3 4 3.095138 
0 0 3.987377 
0 0 10.497468 
5 6 7.718242 
0 0 2.572734 
1 1 3.892772 
1 1 5.160369 
1 1 4.531261 
1 1 3.703470 
0 0 4.163757 
0 0 5.154502 
1 1 16.147252 
1 1 10.061703 
1 1 4.148426 
5 6 17.878799 
0 0 5.694399 
0 0 3.887729 
5 6 10.471306 
1 1 14.036221 
1 1 12.917069 
2 3 21.853728 
2 3 10.911639 
2 3 10.801879 
2 3 11.011349 
2 3 12.559732 
2 3 1.882240 
2 3 10.186548 
2 3 10.149500 
2 3 12.870974 
2 3 14.971748 
2 3 20.522312 
1 1 13.163520 
1 1 9.275987 
1 1 9.238859 
1 1 11.247794 
1 1 11.802820 
0 0 4.853373 
1 1 11.037092 
2 3 16.164690 
2 3 15.785771 
2 3 12.937548 
2 3 13.344655 
2 3 14.032099 
2 3 9.443199 
0 0 4.068550 
0 0 4.081849 
0 0 3.951336 
0 0 4.310319 
0 0 4.114452 
0 0 3.958473 
0 0 4.565988 
0 0 4.032301 
0 0 5.196078 
5 6 5.563920 
0 0 4.356308 
1 1 4.579069 
1 1 4.495357 
1 1 3.305825 
0 0 5.056259 
0 0 5.007556 
0 0 4.036049 
0 0 4.199857 
0 0 4.465753 
2 3 5.041554 
2 3 7.722395 
2 3 9.964442 
2 3 10.528094 
1 1 6.536604 
5 6 31.118163 
2 3 1.680007 
2 3 16.668137 
2 3 7.813978 
2 3 10.529788 
2 3 15.075820 
2 3 19.083745 
1 1 3.374741 
0 0 3.433912 
0 0 3.489564 
0 0 3.456732 
0 0 3.591454 
1 1 6.470726 
0 0 5.744747 
1 1 5.082582 
1 1 6.416373 
0 0 12.758097 
4 5 8.561920 
1 1 5.814031 
1 1 5.517745 
1 1 10.592220 
2 3 27.363618 
1 1 6.033621 
1 1 6.065407 
1 1 6.157275 
1 1 6.212234 
1 1 5.972250 
1 1 5.925567 
1 1 6.107166 
1 1 6.008135 
1 1 6.323792 
1 1 6.115490 
1 1 33.986512 
0 0 6.902886 
0 0 4.444512 
1 1 6.509037 
1 1 6.058012 
1 1 6.506095 
1 1 6.193302 
1 1 6.458221 
2 3 16.071878 
1 1 3.932128 
1 1 3.324229 
1 1 3.625908 
1 1 3.892041 
1 1 3.405464 
1 1 3.396131 
1 1 3.936616 
1 1 3.744106 
1 1 4.093583 
1 1 3.436112 
1 1 26.169039 
0 0 4.514288 
0 0 4.560788 
5 6 6.530927 
0 0 3.472095 
0 0 3.959990 
0 0 4.448833 
0 0 4.320207 
0 0 4.162215 
0 0 4.515960 
0 0 4.464370 
0 0 4.227465 
0 0 4.234330 
1 1 6.320414 
1 1 5.440561 
1 1 5.953123 
1 1 5.324548 
0 0 4.353710 
0 0 4.419840 
0 0 10.724095 
0 0 4.207570 
0 0 4.204295 
0 0 4.202946 
2 3 6.874564 
2 3 6.498121 
2 3 6.292837 
2 3 5.561906 
2 3 5.807908 
2 3 9.576736 
2 3 5.586422 
2 3 6.906130 
2 3 6.868851 
2 3 8.677902 
2 3 18.584112 
2 3 19.536994 
2 3 20.833716 
2 3 31.865453 
1 1 13.503276 
0 0 7.756647 
1 1 10.630843 
2 3 3.057160 
1 1 10.129860 
1 1 11.361191 
1 1 9.585712 
1 1 7.484855 
1 1 5.573816 
1 1 6.131379 
1 1 6.086519 
1 1 5.605119 
0 0 1.852722 
0 0 2.540326 
1 1 3.085815 
1 1 3.370847 
1 1 3.061832 
1 1 3.673819 
1 1 3.659819 
1 1 3.498921 
1 1 3.974959 
1 1 4.018589 
1 1 3.837914 
1 1 3.671457 
0 0 3.144909 
0 0 3.286155 
0 0 4.248669 
0 0 4.296254 
0 0 4.362235 
0 0 5.018977 
0 0 4.986315 
0 0 3.887349 
0 0 3.985471 
0 0 3.878132 
0 0 4.160681 
0 0 3.940135 
2 3 24.312930 
2 3 11.858803 
1 1 5.878799 
1 1 5.997812 
1 1 5.969309 
1 1 4.179023 
1 1 4.137159 
1 1 3.689838 
1 1 4.031803 
1 1 4.135711 
2 3 10.118955 
2 3 9.995815 
2 3 7.579941 
2 3 5.445091 
2 3 16.262364 
2 3 18.312570 
2 3 17.286131 
2 3 7.282065 
2 3 8.490807 
2 3 12.415222 
2 3 12.247699 
1 1 5.062370 
1 1 5.057095 
1 1 5.032725 
1 1 5.129472 
2 3 12.187240 
2 3 12.024407 
2 3 12.828364 
0 0 5.879675 
1 1 7.484642 
5 6 6.488495 
0 0 3.700171 
6 7 14.158501 
1 1 6.181248 
1 1 6.225068 
6 7 7.075236 
2 3 7.985817 
0 0 3.459210 
0 0 3.753549 
0 0 3.905924 
2 3 9.113043 
2 3 9.855060 
0 0 4.213277 
0 0 4.313471 
0 0 4.026370 
0 0 4.338770 
0 0 4.468039 
1 1 6.082468 
0 0 3.958308 
0 0 3.958164 
0 0 3.959249 
0 0 3.958233 
0 0 3.750412 
0 0 4.037416 
0 0 4.072994 
0 0 4.111885 
0 0 4.349545 
0 0 4.428283 
1 1 5.958419 
1 1 5.636176 
1 1 5.741123 
1 1 5.241939 
1 1 4.549409 
1 1 5.614819 
1 1 4.177241 
1 1 3.898607 
2 3 1.838642 
5 6 29.426249 
0 0 3.776490 
0 0 3.486388 
0 0 3.290424 
0 0 3.323553 
0 0 3.440694 
1 1 4.433112 
0 0 3.448195 
0 0 3.161544 
1 1 6.269430 
1 1 6.454581 
0 0 3.472793 
0 0 4.071372 
0 0 4.098311 
0 0 4.196179 
0 0 4.212121 
0 0 4.247214 
0 0 3.198934 
0 0 3.266053 
0 0 3.149897 
2 3 3.186478 
2 3 5.784695 
0 0 3.699761 
0 0 3.573487 
1 1 3.390430 
1 1 2.650952 
1 1 7.435252 
1 1 4.564155 
5 6 26.987581 
1 1 5.216536 
0 0 9.431845 
1 1 6.156359 
1 1 6.213627 
1 1 6.392364 
1 1 10.710701 
0 0 5.567902 
1 1 6.347847 
1 1 5.398947 
1 1 4.998020 
1 1 5.170820 
1 1 5.072642 
1 1 13.141983 
1 1 5.001704 
1 1 4.974609 
1 1 5.138472 
1 1 5.140972 
1 1 5.788323 
1 1 6.008480 
1 1 17.229528 
0 0 3.699127 
0 0 3.813980 
0 0 4.024967 
1 1 3.833698 
1 1 10.833465 
1 1 9.777955 
0 0 4.369513 
2 3 3.756340 
0 0 3.490431 
1 1 11.607078 
1 1 10.552093 
1 1 9.975258 
2 3 13.552750 
2 3 13.486628 
2 3 13.528754 
5 6 9.677833 
1 1 3.184255 
1 1 7.496498 
1 1 6.644675 
4 5 5.606995 
0 0 3.960396 
0 0 3.961128 
0 0 3.960069 
0 0 3.960075 
0 0 3.961152 
0 0 3.960897 
0 0 4.063992 
0 0 4.221137 
0 0 4.378282 
0 0 4.223307 
0 0 4.289669 
0 0 3.983670 
0 0 4.134335 
0 0 4.311399 
2 3 9.531701 
2 3 8.779849 
2 3 9.558282 
2 3 9.020018 
1 1 5.679607 
1 1 5.596934 
1 1 5.564792 
1 1 5.627559 
1 1 5.745114 
1 1 5.712599 
1 1 5.865964 
1 1 5.867592 
1 1 5.827584 
1 1 5.757583 
1 1 2.505221 
5 6 11.033299 
1 1 6.020440 
1 1 5.529649 
1 1 5.408746 
1 1 5.516535 
1 1 6.179405 
1 1 4.668403 
0 0 4.731131 
0 0 4.702684 
0 0 3.897444 
0 0 3.618753 
0 0 3.615326 
0 0 3.671076 
0 0 3.766712 
0 0 3.878395 
0 0 3.999941 
0 0 4.095512 
0 0 3.975767 
0 0 3.974595 
0 0 3.975493 
0 0 3.765595 
0 0 4.102727 
0 0 3.901557 
0 0 3.535403 
7 8 15.043036 
2 3 13.749268 
0 0 3.570129 
2 3 5.438745 
2 3 5.481504 
2 3 6.017001 
5 6 55.565641 
1 1 14.451059 
1 1 11.271027 
1 1 5.523468 
1 1 5.690993 
2 3 1.937005 
3 4 16.601976 
2 3 10.657097 
2 3 9.643857 
2 3 9.800641 
2 3 9.245851 
0 0 4.305565 
0 0 4.542283 
0 0 4.463579 
0 0 4.464477 
0 0 4.404947 
0 0 4.331463 
0 0 4.507756 
1 1 5.135613 
1 1 5.056028 
1 1 5.051258 
1 1 5.017120 
1 1 5.062799 
2 3 4.943998 
0 0 5.347504 
1 1 3.141332 
1 1 3.381380 
0 0 3.119530 
1 1 3.141427 
0 0 3.177180 
0 0 2.960480 
1 1 5.688167 
1 1 8.796296 
1 1 9.017556 
0 0 5.156096 
2 3 13.509306 
2 3 15.335191 
2 3 2.026453 
1 1 18.488068 
2 3 1.655787 
1 1 12.478251 
1 1 16.106006 
1 1 5.379528 
1 1 5.246792 
1 1 6.505453 
0 0 4.521909 
0 0 4.030424 
0 0 3.375067 
0 0 4.115150 
0 0 4.390399 
1 1 19.004947 
2 3 6.958224 
2 3 9.374356 
0 0 3.802997 
0 0 4.092317 
2 3 6.517829 
2 3 7.814413 
2 3 6.891232 
2 3 6.310121 
2 3 4.397740 
2 3 5.694655 
2 3 5.527352 
2 3 5.217069 
1 1 5.238767 
1 1 5.238947 
0 0 4.228227 
2 3 4.298433 
3 4 5.196392 
1 1 5.504585 
1 1 4.517580 
0 0 6.589515 
0 0 4.368438 
1 1 5.537560 
0 0 5.703027 
0 0 5.413098 
0 0 5.442355 
1 1 7.080327 
0 0 7.726267 
2 3 12.962792 
0 0 4.079292 
0 0 3.734336 
1 1 5.703538 
0 0 3.447905 
0 0 1.820203 
1 1 6.117349 
0 0 3.916667 
0 0 4.197848 
0 0 4.069000 
0 0 4.208977 
0 0 4.213889 
0 0 4.456364 
0 0 4.215058 
0 0 4.213010 
0 0 4.456757 
0 0 4.237041 
0 0 3.994678 
0 0 4.198852 
0 0 3.706941 
0 0 3.794971 
2 3 10.945819 
2 3 4.943896 
2 3 9.281999 
0 0 4.658531 
0 0 4.117532 
0 0 2.292090 
0 0 3.996704 
2 3 4.284208 
0 0 2.902766 
0 0 2.726984 
3 4 2.836590 
0 0 3.148244 
3 4 2.426578 
0 0 3.483995 
0 0 3.745837 
0 0 3.280824 
0 0 2.804062 
0 0 2.797591 
1 1 11.254345 
1 1 14.996424 
1 1 10.014906 
0 0 3.134199 
1 1 14.085777 
1 1 10.966216 
2 3 17.021904 
2 3 13.799229 
0 0 3.701156 
0 0 3.733763 
2 3 15.179938 
2 3 15.026436 
2 3 14.577815 
0 0 4.138437 
2 3 10.631920 
2 3 9.434215 
2 3 9.656190 
2 3 12.212956 
2 3 3.031287 
2 3 14.836292 
2 3 14.342592 
2 3 15.020294 
2 3 15.777979 
0 0 3.957581 
2 3 13.653947 
2 3 12.416356 
0 0 3.957528 
0 0 3.957487 
0 0 3.957879 
0 0 3.957394 
0 0 2.955786 
0 0 4.602580 
1 1 6.994847 
0 0 5.454244 
1 1 5.933640 
1 1 5.916424 
1 1 6.607928 
3 4 5.033056 
0 0 3.687368 
1 1 3.865219 
0 0 2.650676 
0 0 2.722491 
1 1 3.043551 
0 0 2.668269 
1 1 4.467749 
0 0 2.376563 
0 0 2.846334 
1 1 2.785809 
5 6 4.509062 
1 1 4.679352 
0 0 2.999254 
0 0 3.210884 
2 3 12.848869 
2 3 11.305248 
2 3 20.976750 
2 3 9.405496 
2 3 10.326875 
2 3 11.354340 
2 3 11.518035 
2 3 15.250977 
2 3 5.509095 
0 0 4.220516 
0 0 5.183959 
1 1 5.318922 
1 1 5.406186 
0 0 5.626551 
0 0 5.415248 
1 1 6.393051 
1 1 6.044968 
1 1 5.133892 
4 5 4.950091 
3 4 5.009647 
1 1 5.469858 
0 0 3.374166 
0 0 3.892465 
0 0 3.686611 
0 0 1.898154 
0 0 2.164298 
0 0 2.690694 
0 0 2.744759 
0 0 2.710442 
0 0 2.818823 
0 0 2.546092 
0 0 2.886861 
0 0 2.486053 
0 0 5.254462 
0 0 5.908725 
0 0 5.148112 
1 1 4.713141 
0 0 4.225793 
1 1 6.597342 
1 1 4.492086 
1 1 6.041242 
1 1 6.315451 
1 1 6.238570 
0 0 4.281387 
1 1 13.294431 
1 1 11.604471 
1 1 11.236532 
1 1 6.929220 
1 1 14.563946 
1 1 6.323360 
0 0 3.268614 
1 1 6.417331 
1 1 5.053992 
1 1 5.069266 
1 1 3.000691 
0 0 6.067159 
0 0 5.610449 
1 1 5.885015 
1 1 5.708611 
1 1 6.179267 
1 1 4.826637 
0 0 5.255630 
1 1 7.293635 
1 1 7.276994 
1 1 7.810939 
0 0 5.104926 
1 1 3.784486 
1 1 4.254562 
0 0 4.044299 
0 0 3.594051 
0 0 2.969708 
3 4 3.300862 
0 0 2.993178 
0 0 3.211242 
0 0 2.951555 
0 0 2.678790 
0 0 2.896978 
2 3 5.806055 
2 3 6.550977 
1 1 5.121132 
1 1 4.994876 
0 0 3.219897 
0 0 2.102313 
0 0 4.449606 
0 0 2.459015 
0 0 2.862991 
0 0 6.597887 
1 1 4.801835 
0 0 4.180114 
0 0 4.391505 
0 0 3.535056 
6 7 4.424894 
0 0 5.543714 
0 0 3.560000 
0 0 4.263726 
0 0 4.060146 
0 0 4.969116 
1 1 4.678526 
1 1 5.060991 
1 1 3.863617 
1 1 3.884834 
1 1 12.849987 
1 1 15.473609 
1 1 13.948800 
1 1 4.530192 
0 0 2.408992 
1 1 5.583127 
0 0 4.496393 
1 1 5.052833 
0 0 4.193196 
0 0 4.010236 
1 1 4.078970 
1 1 5.170843 
1 1 5.179713 
1 1 5.126841 
0 0 4.557016 
0 0 6.700287 
0 0 3.049836 
6 7 5.196719 
1 1 5.063695 
2 3 2.190802 
1 1 5.093764 
1 1 5.122867 
1 1 5.101313 
1 1 4.895902 
1 1 5.093886 
1 1 5.275355 
1 1 5.035760 
1 1 4.931379 
1 1 4.878166 
1 1 5.041980 
1 1 5.071056 
1 1 10.881758 
1 1 11.354534 
1 1 13.213587 
1 1 11.664617 
7 8 38.196557 
1 1 15.926510 
1 1 15.820343 
1 1 14.928418 
1 1 9.041764 
2 3 8.669556 
1 1 9.524844 
1 1 8.675671 
0 0 2.285011 
1 1 5.157325 
1 1 11.309385 
1 1 5.725123 
1 1 3.748768 
0 0 4.089479 
0 0 4.014516 
1 1 6.174668 
1 1 4.370698 
1 1 4.462133 
1 1 4.017077 
1 1 9.016527 
1 1 7.617564 
1 1 5.985438 
1 1 4.155564 
2 3 4.540973 
0 0 3.655495 
0 0 3.586903 
0 0 3.240525 
0 0 4.166744 
0 0 3.975548 
0 0 4.473361 
0 0 4.647478 
0 0 4.794540 
0 0 5.025593 
0 0 5.129693 
0 0 5.218944 
1 1 6.477025 
2 3 11.500265 
2 3 11.919012 
2 3 17.643370 
2 3 16.646643 
2 3 12.424135 
0 0 4.724805 
1 1 21.434918 
1 1 5.095551 
1 1 5.152824 
1 1 5.101711 
1 1 5.163321 
1 1 18.334436 
1 1 9.161231 
0 0 5.043503 
2 3 13.011940 
1 1 5.123535 
1 1 5.748636 
1 1 6.338624 
0 0 5.222984 
1 1 4.721747 
1 1 5.302596 
1 1 5.839564 
1 1 5.447001 
1 1 3.586443 
0 0 4.163986 
1 1 5.610174 
0 0 5.655726 
1 1 7.165657 
0 0 3.400431 
0 0 3.486074 
0 0 3.685455 
0 0 3.567867 
1 1 13.777128 
0 0 3.893652 
0 0 3.689650 
1 1 4.225440 
0 0 3.391906 
0 0 3.387903 
0 0 3.310303 
0 0 3.140892 
2 3 3.737283 
2 3 3.687692 
1 1 4.625857 
1 1 4.145970 
0 0 3.903788 
1 1 4.484027 
0 0 4.591246 
0 0 5.554137 
0 0 4.384049 
0 0 3.047279 
0 0 2.804681 
2 3 4.036452 
0 0 3.974418 
6 7 3.825248 
0 0 3.970263 
0 0 3.789854 
0 0 3.642406 
0 0 3.388487 
0 0 3.902690 
0 0 3.782449 
0 0 3.820847 
0 0 3.484227 
0 0 3.994594 
2 3 13.951950 
2 3 11.052074 
1 1 6.280129 
1 1 7.889371 
1 1 11.169986 
1 1 6.189966 
1 1 12.403941 
1 1 6.336069 
1 1 6.380537 
1 1 6.241045 
1 1 4.576455 
1 1 29.929631 
1 1 18.090549 
5 6 23.636906 
5 6 32.603494 
5 6 28.912781 
5 6 18.466045 
0 0 3.494612 
0 0 3.885998 
0 0 3.292168 
0 0 4.025078 
0 0 3.714226 
0 0 3.528410 
0 0 3.932593 
0 0 3.560394 
0 0 4.059592 
0 0 3.578262 
0 0 3.789432 
0 0 3.302053 
0 0 3.790519 
0 0 3.678354 
0 0 3.918023 
0 0 3.749436 
0 0 4.081954 
2 3 2.055742 
1 1 15.381793 
1 1 18.045294 
2 3 63.641824 
1 1 14.559322 
1 1 7.191624 
1 1 5.928566 
1 1 5.897474 
1 1 6.135121 
1 1 5.885603 
5 6 19.717939 
0 0 4.101604 
0 0 4.005195 
0 0 3.888146 
0 0 3.629558 
1 1 20.563949 
1 1 3.620525 
5 6 2.427388 
2 3 6.497231 
0 0 4.375392 
0 0 4.286450 
0 0 4.414547 
0 0 4.417119 
0 0 4.415125 
2 3 2.442066 
2 3 6.632692 
1 1 3.964161 
1 1 4.038947 
3 4 3.786574 
1 1 4.926236 
1 1 4.411220 
0 0 3.922876 
0 0 3.787507 
0 0 3.594159 
0 0 3.776474 
0 0 3.501652 
0 0 3.902340 
0 0 3.539442 
1 1 3.786397 
0 0 3.739669 
0 0 3.843015 
0 0 3.874741 
0 0 3.894980 
0 0 3.930012 
1 1 6.023625 
1 1 5.778245 
1 1 5.727738 
1 1 6.057751 
1 1 5.894377 
1 1 5.897218 
1 1 5.821072 
1 1 5.944131 
1 1 5.928688 
1 1 5.960697 
1 1 6.514721 
1 1 6.548171 
2 3 11.894395 
1 1 5.464457 
1 1 5.613029 
1 1 5.394244 
1 1 5.892979 
1 1 3.165470 
0 0 3.085376 
1 1 5.560212 
0 0 4.416824 
0 0 4.426709 
0 0 4.458664 
0 0 4.454183 
0 0 4.415557 
0 0 4.233185 
0 0 3.696154 
0 0 3.601464 
0 0 4.372087 
0 0 3.915998 
0 0 4.204197 
0 0 4.119274 
0 0 4.119006 
0 0 4.201991 
0 0 4.221970 
0 0 4.226538 
0 0 3.667943 
0 0 3.842012 
1 1 12.505550 
1 1 12.184631 
1 1 10.214843 
1 1 13.827862 
1 1 13.047944 
1 1 4.496056 
1 1 4.431781 
1 1 4.706038 
1 1 8.859251 
1 1 4.481729 
1 1 4.799728 
1 1 5.178258 
5 6 25.454681 
1 1 4.999704 
1 1 5.370053 
1 1 8.143954 
1 1 5.480961 
1 1 5.153922 
1 1 4.970772 
1 1 4.936283 
1 1 6.741928 
1 1 13.629278 
1 1 6.971931 
1 1 7.667867 
1 1 7.669792 
1 1 7.677326 
1 1 7.683875 
1 1 7.674027 
2 3 11.719058 
2 3 8.534224 
2 3 2.232916 
2 3 8.680219 
2 3 10.473183 
2 3 9.804887 
0 0 4.242041 
1 1 5.338892 
1 1 5.363494 
1 1 11.378714 
2 3 3.011042 
1 1 5.477970 
1 1 5.484177 
1 1 5.564915 
1 1 5.433609 
1 1 5.350833 
1 1 5.463691 
1 1 5.340114 
0 0 3.493850 
0 0 4.160930 
1 1 4.461087 
1 1 3.892148 
0 0 5.745171 
0 0 5.346818 
0 0 5.355499 
1 1 4.961961 
1 1 6.320523 
1 1 15.805984 
1 1 0.986590 
1 1 5.416128 
1 1 5.141358 
1 1 5.215696 
1 1 0.975387 
1 1 1.045125 
1 1 1.064550 
0 0 3.090116 
0 0 4.089034 
1 1 4.992957 
5 6 28.603625 
5 6 15.068309 
5 6 20.642583 
5 6 11.207700 
0 0 3.919076 
0 0 5.631374 
0 0 4.368330 
0 0 4.307441 
0 0 4.128466 
0 0 4.067398 
2 3 4.913453 
2 3 5.071156 
2 3 2.073415 
2 3 12.840511 
2 3 13.595558 
2 3 12.427320 
2 3 12.470839 
2 3 10.899990 
2 3 10.543681 
2 3 12.642665 
2 3 7.083927 
1 1 6.567052 
2 3 14.645804 
0 0 3.748423 
0 0 3.273202 
0 0 4.211785 
0 0 3.694834 
2 3 1.636953 
2 3 2.379280 
3 4 3.253321 
1 1 5.966780 
1 1 5.905796 
1 1 5.065001 
1 1 5.570232 
1 1 7.630553 
1 1 7.703325 
1 1 7.825950 
1 1 7.338768 
2 3 7.529021 
7 8 6.380675 
1 1 7.732638 
1 1 7.764455 
1 1 7.632748 
1 1 19.156298 
2 3 2.233320 
2 3 7.227791 
2 3 6.336081 
6 7 8.241696 
2 3 7.199497 
0 0 3.343290 
0 0 3.686526 
0 0 3.590571 
0 0 3.227872 
0 0 4.017007 
0 0 3.962508 
0 0 4.059730 
0 0 4.061226 
0 0 4.060603 
0 0 4.250205 
0 0 5.334552 
1 1 5.536946 
1 1 3.942704 
1 1 18.016360 
0 0 3.968666 
0 0 3.070418 
0 0 2.997190 
1 1 3.177355 
0 0 3.037220 
0 0 3.446000 
0 0 4.303124 
0 0 2.599988 
0 0 3.732682 
5 6 3.800696 
7 8 3.101872 
1 1 5.193570 
0 0 2.773272 
5 6 3.954178 
0 0 3.324688 
2 3 6.479598 
2 3 5.620521 
2 3 5.725340 
2 3 6.726059 
2 3 6.968745 
2 3 6.747137 
2 3 6.578977 
2 3 6.518902 
0 0 4.202266 
0 0 4.200089 
0 0 4.198049 
0 0 4.197213 
0 0 4.194815 
0 0 4.192963 
0 0 4.191438 
0 0 4.189568 
0 0 4.187649 
0 0 4.077013 
0 0 4.046448 
2 3 7.673014 
1 1 7.341920 
1 1 7.902897 
1 1 5.732897 
1 1 5.450500 
1 1 5.874086 
1 1 5.497890 
1 1 5.836344 
1 1 5.697104 
1 1 5.539895 
1 1 5.583970 
2 3 7.024747 
2 3 5.596674 
2 3 6.580215 
2 3 7.890820 
2 3 7.768848 
2 3 20.623341 
2 3 17.790731 
1 1 5.244554 
1 1 6.366128 
1 1 6.323693 
1 1 6.295574 
1 1 6.150630 
1 1 6.213302 
1 1 6.265904 
1 1 6.130252 
0 0 3.951234 
0 0 4.899295 
0 0 3.894733 
0 0 4.130229 
2 3 22.458057 
0 0 3.781540 
0 0 3.984714 
0 0 3.984429 
0 0 3.985840 
0 0 3.983825 
0 0 3.985387 
0 0 3.985377 
0 0 3.986658 
0 0 3.985615 
0 0 3.986213 
0 0 3.985992 
0 0 4.060301 
0 0 4.793756 
0 0 5.094453 
1 1 5.269813 
1 1 5.308007 
1 1 4.076613 
1 1 5.297823 
2 3 40.150364 
1 1 5.858422 
1 1 5.780701 
1 1 5.165952 
1 1 5.115004 
1 1 5.047446 
1 1 4.992541 
1 1 5.132223 
1 1 5.158720 
1 1 5.110643 
1 1 5.067787 
1 1 5.027184 
0 0 4.540869 
0 0 3.980829 
0 0 3.979914 
0 0 3.981562 
0 0 3.980628 
0 0 3.981362 
0 0 4.233018 
0 0 4.057688 
0 0 4.321557 
0 0 4.046477 
0 0 4.192328 
0 0 4.190319 
0 0 4.190253 
0 0 4.190248 
0 0 4.191467 
0 0 4.189626 
0 0 3.998791 
0 0 4.366613 
0 0 3.988822 
1 1 5.612446 
1 1 5.566702 
1 1 5.680850 
1 1 5.686578 
1 1 5.856832 
1 1 5.578775 
1 1 5.298557 
1 1 5.641913 
1 1 5.512527 
1 1 5.453597 
1 1 6.288836 
1 1 6.240901 
1 1 6.128030 
1 1 6.198223 
0 0 3.757799 
0 0 3.702747 
0 0 3.702767 
0 0 3.702701 
0 0 3.702733 
1 1 6.087223 
0 0 3.543359 
0 0 3.543584 
0 0 3.548072 
0 0 3.544743 
0 0 3.553324 
0 0 3.548801 
0 0 3.547336 
0 0 3.516544 
0 0 3.698525 
0 0 3.544933 
0 0 3.692079 
0 0 3.515962 
0 0 3.546472 
0 0 3.545579 
0 0 3.648783 
0 0 4.122020 
0 0 3.858169 
0 0 3.499408 
1 1 4.415519 
2 3 1.017107 
1 1 4.220353 
1 1 4.157808 
1 1 3.515064 
1 1 4.148894 
1 1 4.215293 
7 8 4.767548 
2 3 1.681838 
0 0 5.786206 
7 8 8.458935 
5 6 9.078054 
0 0 3.485212 
0 0 4.350412 
0 0 4.892031 
0 0 3.510191 
0 0 3.390750 
0 0 3.303257 
0 0 3.506525 
0 0 3.382990 
0 0 4.155991 
0 0 4.188641 
0 0 3.744403 
0 0 4.109179 
0 0 4.572486 
0 0 3.936205 
0 0 4.156260 
0 0 4.938971 
0 0 4.020198 
0 0 4.029081 
0 0 4.140771 
0 0 4.251362 
1 1 13.106489 
1 1 5.639302 
1 1 5.678968 
1 1 5.688435 
1 1 6.678014 
1 1 6.678812 
1 1 6.754234 
1 1 6.675234 
0 0 3.719113 
1 1 5.667375 
0 0 4.638225 
0 0 3.690112 
0 0 4.084461 
0 0 4.029411 
0 0 4.017171 
0 0 4.230221 
0 0 7.387591 
0 0 5.817937 
0 0 4.045968 
0 0 4.323545 
0 0 4.310541 
0 0 3.977347 
0 0 3.790737 
0 0 3.802001 
0 0 4.059411 
0 0 4.939280 
0 0 4.159238 
0 0 4.517518 
0 0 4.997282 
0 0 4.847743 
1 1 6.786249 
1 1 3.831593 
1 1 5.256477 
1 1 5.286210 
1 1 5.268096 
1 1 2.770465 
1 1 5.725184 
1 1 5.718655 
1 1 4.735027 
1 1 4.746332 
1 1 5.705818 
1 1 5.720585 
1 1 4.621914 
1 1 4.918527 
1 1 4.960814 
1 1 4.361198 
0 0 3.820316 
0 0 3.818203 
0 0 3.819906 
0 0 3.991059 
0 0 3.820470 
0 0 3.819760 
0 0 3.744682 
0 0 4.240395 
0 0 4.738268 
0 0 3.885123 
0 0 3.986621 
0 0 3.826558 
0 0 3.857418 
0 0 3.857467 
0 0 3.855397 
0 0 3.855971 
0 0 3.728661 
0 0 3.909957 
1 1 5.764760 
1 1 5.695866 
1 1 4.017744 
1 1 4.007496 
0 0 3.586235 
0 0 3.502858 
0 0 5.918357 
0 0 4.659280 
0 0 4.151066 
0 0 3.927341 
0 0 3.884663 
0 0 3.875536 
0 0 3.821323 
1 1 5.754144 
1 1 5.760523 
1 1 4.730032 
1 1 4.741079 
1 1 5.851591 
1 1 5.558120 
1 1 3.975841 
1 1 4.069508 
1 1 5.491767 
1 1 4.059502 
1 1 4.103661 
1 1 4.067830 
1 1 5.603718 
0 0 7.040641 
0 0 4.828918 
0 0 3.897550 
0 0 3.858349 
0 0 3.969490 
0 0 3.844007 
0 0 4.010766 
0 0 4.358457 
0 0 5.400061 
2 3 13.529796 
2 3 13.282640 
2 3 12.479738 
1 1 4.237470 
1 1 4.176307 
1 1 3.728029 
1 1 4.170857 
1 1 4.235011 
1 1 4.211564 
1 1 4.137910 
1 1 3.530571 
1 1 4.135610 
1 1 4.222099 
1 1 3.937655 
0 0 5.398016 
0 0 4.002582 
0 0 4.017377 
0 0 4.003728 
0 0 3.743407 
0 0 4.366441 
0 0 4.343437 
0 0 4.364377 
0 0 4.526265 
0 0 3.477844 
0 0 3.971196 
0 0 3.961424 
0 0 4.981751 
0 0 4.490591 
0 0 4.733771 
0 0 4.886026 
0 0 3.535650 
0 0 3.541231 
0 0 3.541989 
0 0 3.544881 
2 3 22.068215 
7 8 34.971008 
2 3 3.286795 
5 6 10.877821 
2 3 9.306529 
2 3 9.272434 
2 3 9.626171 
2 3 1.965927 
0 0 4.868969 
0 0 3.990857 
0 0 6.096293 
0 0 3.966042 
0 0 3.089190 
0 0 3.764926 
0 0 4.005423 
0 0 4.270308 
0 0 3.737660 
0 0 3.741736 
0 0 3.756073 
0 0 4.229892 
0 0 3.206660 
0 0 3.887967 
0 0 3.317401 
0 0 3.654454 
0 0 3.842171 
0 0 3.163945 
0 0 4.119678 
0 0 2.872536 
0 0 4.550611 
1 1 18.978226 
0 0 4.182006 
0 0 4.169092 
0 0 4.264800 
0 0 5.398449 
0 0 4.176953 
0 0 4.249794 
0 0 4.535519 
0 0 3.922828 
0 0 3.807719 
1 1 5.657392 
1 1 5.567667 
1 1 3.934045 
1 1 4.016134 
1 1 4.151027 
1 1 5.591289 
1 1 5.734890 
1 1 5.712030 
1 1 3.942729 
1 1 4.021555 
1 1 4.024217 
1 1 5.503942 
1 1 5.789010 
1 1 5.697633 
1 1 4.151241 
1 1 4.013665 
1 1 4.170484 
1 1 5.703772 
1 1 5.700015 
0 0 3.535221 
1 1 4.652186 
0 0 3.516785 
0 0 3.853931 
0 0 3.857242 
0 0 4.187739 
1 1 3.873601 
1 1 3.375389 
0 0 4.142534 
2 3 4.082750 
2 3 3.792367 
0 0 3.991087 
0 0 3.734852 
0 0 3.712858 
0 0 3.814360 
0 0 3.919131 
0 0 4.356797 
0 0 4.404867 
0 0 3.693691 
0 0 4.401900 
0 0 3.739167 
0 0 3.637210 
0 0 3.640752 
0 0 4.105819 
0 0 3.852491 
5 6 28.197838 
5 6 11.115808 
1 1 5.498665 
1 1 3.854906 
1 1 4.102677 
1 1 4.010057 
1 1 5.732952 
1 1 5.750669 
2 3 1.688073 
2 3 12.168883 
2 3 11.887643 
0 0 3.418834 
0 0 3.489505 
0 0 3.599744 
0 0 3.563868 
0 0 3.441897 
0 0 3.503748 
0 0 3.539343 
0 0 3.412559 
0 0 4.098866 
0 0 3.768219 
0 0 3.392946 
0 0 4.320098 
0 0 4.311423 
0 0 3.848218 
2 3 13.141265 
1 1 5.686409 
1 1 4.000959 
1 1 4.022188 
1 1 5.722491 
1 1 5.684618 
1 1 4.051999 
0 0 3.721541 
0 0 4.913781 
0 0 3.383824 
0 0 3.514920 
0 0 3.897595 
0 0 3.793519 
0 0 3.790760 
0 0 3.789328 
0 0 3.880945 
0 0 3.964719 
1 1 3.981092 
2 3 12.299211 
0 0 3.798033 
2 3 10.522321 
2 3 9.752721 
2 3 10.659710 
0 0 3.575012 
0 0 3.566707 
0 0 3.618974 
0 0 3.563398 
0 0 3.572164 
0 0 3.565612 
0 0 3.631781 
0 0 4.753854 
0 0 4.797364 
0 0 3.620366 
0 0 4.029385 
0 0 3.859350 
0 0 3.784212 
0 0 3.879239 
0 0 3.789850 
0 0 3.791745 
0 0 3.796382 
0 0 3.627232 
0 0 3.726129 
5 6 29.195818 
1 1 17.862532 
1 1 11.893449 
2 3 2.330298 
2 3 11.389048 
2 3 18.511402 
2 3 26.587766 
2 3 50.785124 
1 1 19.179392 
2 3 14.145344 
1 1 5.806199 
1 1 5.729949 
1 1 4.677382 
1 1 4.445384 
1 1 5.630563 
0 0 3.370554 
0 0 3.447121 
0 0 5.260867 
0 0 3.538137 
0 0 3.615427 
0 0 3.623393 
0 0 3.618119 
0 0 3.609329 
0 0 3.661711 
0 0 3.783049 
0 0 3.687191 
0 0 4.604624 
0 0 3.745343 
0 0 3.647122 
0 0 3.618065 
1 1 10.694511 
1 1 6.050294 
1 1 6.127299 
1 1 5.725033 
2 3 6.456470 
2 3 4.593120 
2 3 4.474752 
2 3 4.465822 
0 0 4.337422 
4 5 21.848898 
2 3 13.723967 
2 3 12.776293 
2 3 6.170790 
2 3 6.530679 
2 3 6.491398 
2 3 6.353076 
0 0 3.794950 
0 0 4.917809 
0 0 4.990379 
0 0 4.982642 
2 3 7.125093 
2 3 19.427043 
2 3 19.932139 
2 3 21.156419 
2 3 21.529875 
2 3 22.916254 
2 3 12.273699 
2 3 9.790072 
2 3 9.245887 
2 3 8.667810 
2 3 9.066644 
2 3 9.111239 
2 3 9.202497 
2 3 8.659728 
2 3 3.609373 
2 3 12.521074 
2 3 34.845109 
2 3 27.204032 
2 3 16.014233 
2 3 13.746182 
1 1 20.065652 
1 1 16.096231 
1 1 12.853363 
1 1 12.920785 
1 1 15.734583 
1 1 15.248802 
1 1 5.378616 
1 1 5.406427 
1 1 5.542440 
1 1 5.331001 
1 1 5.332486 
1 1 5.384170 
1 1 5.259708 
1 1 5.370812 
1 1 5.299947 
1 1 5.542020 
1 1 5.303264 
1 1 5.368638 
1 1 5.346364 
5 6 9.406886 
2 3 2.396023 
1 1 20.058445 
2 3 8.796705 
1 1 5.253070 
1 1 18.434041 
2 3 16.169497 
2 3 9.411391 
2 3 6.538864 
2 3 7.154674 
1 1 5.491642 
5 6 16.662736 
1 1 6.536531 
5 6 17.158682 
0 0 2.573560 
0 0 3.993374 
0 0 3.690841 
1 1 7.708003 
1 1 3.514075 
2 3 28.231663 
0 0 17.432104 
0 0 2.722535 
0 0 4.114781 
1 1 10.708115 
2 3 2.720843 
1 1 5.634485 
1 1 6.919476 
1 1 5.399305 
0 0 6.258243 
7 8 14.153258 
7 8 10.111342 
2 3 7.165227 
2 3 7.104926 
2 3 7.086449 
5 6 31.028977 
1 1 17.436413 
2 3 5.409686 
2 3 7.142712 
7 8 12.709194 
5 6 14.879558 
1 1 5.219746 
1 1 6.288353 
6 7 4.555470 
3 4 3.735776 
1 1 4.869809 
0 0 4.740445 
1 1 3.554274 
2 3 9.218681 
1 1 21.065552 
5 6 35.260777 
1 1 20.056909 
1 1 58.924898 
1 1 24.225639 
0 0 17.621763 
0 0 13.972102 
0 0 5.581466 
1 1 6.162793 
1 1 15.897605 
1 1 24.180834 
2 3 8.981602 
1 1 5.171729 
2 3 44.648423 
0 0 5.279551 
0 0 6.382104 
1 1 7.224977 
1 1 3.953327 
0 0 4.627012 
0 0 5.990086 
1 1 3.813908 
5 6 31.893853 
0 0 3.726787 
0 0 5.433357 
1 1 5.762984 
1 1 22.095110 
5 6 18.339995 
1 1 11.043297 
1 1 12.943120 
1 1 13.236591 
0 0 3.116849 
0 0 4.200072 
0 0 4.282305 
0 0 5.743400 
2 3 6.730446 
0 0 2.974619 
0 0 3.378568 
0 0 3.873931 
0 0 4.418440 
0 0 4.596555 
0 0 4.991557 
0 0 4.973969 
0 0 4.321046 
0 0 4.236933 
0 0 4.307522 
0 0 4.542369 
0 0 4.614886 
0 0 4.654397 
0 0 4.285587 
2 3 1.740825 
0 0 4.582143 
0 0 4.369589 
0 0 4.996469 
0 0 4.213444 
2 3 10.198480 
6 7 5.143083 
2 3 8.109175 
0 0 8.904383 
0 0 3.879969 
0 0 3.369444 
0 0 3.464714 
0 0 3.830431 
0 0 5.557982 
2 3 7.730214 
2 3 8.280037 
2 3 8.784639 
2 3 1.923854 
1 1 13.103244 
0 0 4.231802 
0 0 4.418767 
0 0 3.939687 
2 3 5.503148 
2 3 5.120971 
6 7 4.584852 
2 3 5.942786 
2 3 6.478900 
0 0 4.349140 
0 0 4.470618 
0 0 4.491056 
5 6 7.417531 
1 1 12.045108 
0 0 4.475836 
0 0 4.334026 
0 0 4.568084 
0 0 4.468798 
0 0 4.519048 
1 1 35.029773 
1 1 15.875761 
1 1 20.247706 
1 1 23.077538 
1 1 14.404992 
0 0 4.441117 
5 6 57.156608 
0 0 8.475299 
0 0 8.419576 
0 0 8.419428 
0 0 8.202081 
2 3 6.705229 
0 0 4.526612 
0 0 4.728980 
0 0 4.478125 
0 0 4.302352 
0 0 5.276332 
0 0 4.646194 
0 0 4.239525 
0 0 4.435981 
0 0 4.087395 
0 0 4.559863 
0 0 4.422516 
0 0 4.527214 
0 0 4.450440 
0 0 4.519396 
0 0 4.529105 
0 0 4.403596 
0 0 4.411045 
0 0 4.668254 
0 0 4.392383 
0 0 4.109543 
0 0 4.393644 
0 0 4.551201 
0 0 4.805262 
0 0 4.796025 
0 0 4.293140 
0 0 4.170523 
0 0 4.437838 
0 0 4.451441 
0 0 4.425296 
0 0 4.446896 
0 0 4.438989 
0 0 4.592281 
0 0 3.386928 
0 0 5.467419 
0 0 4.355189 
5 6 35.034008 
0 0 4.538443 
0 0 4.521081 
0 0 4.646700 
0 0 4.697508 
0 0 4.260797 
0 0 4.365641 
0 0 4.282036 
0 0 3.977374 
0 0 4.646326 
0 0 5.404775 
0 0 4.960475 
0 0 4.292856 
0 0 4.771846 
0 0 4.605716 
0 0 4.798699 
1 1 3.745087 
0 0 6.197328 
0 0 6.096865 
0 0 3.862444 
0 0 3.388568 
0 0 3.843800 
6 7 3.894125 
2 3 3.629581 
0 0 4.911784 
0 0 4.337593 
1 1 14.595125 
1 1 9.565933 
1 1 14.240963 
1 1 12.307633 
1 1 12.523409 
1 1 10.961473 
0 0 4.330019 
0 0 4.326655 
0 0 3.941430 
0 0 4.284718 
0 0 4.250177 
0 0 4.247211 
0 0 4.519336 
0 0 4.500283 
0 0 4.602907 
0 0 4.307143 
0 0 4.419532 
0 0 4.384398 
0 0 4.984380 
2 3 6.199764 
2 3 4.823631 
0 0 6.865095 
0 0 6.397519 
0 0 3.630805 
0 0 3.633802 
0 0 5.350390 
0 0 3.747065 
0 0 6.373420 
0 0 5.298606 
0 0 3.215909 
0 0 3.756165 
0 0 4.080148 
0 0 4.271274 
0 0 4.292544 
0 0 4.416554 
0 0 4.247037 
0 0 4.514241 
0 0 4.100003 
0 0 4.454058 
0 0 4.315841 
0 0 4.323379 
0 0 4.421847 
0 0 4.287820 
0 0 4.512745 
0 0 4.171250 
0 0 4.820365 
0 0 4.297766 
0 0 4.205549 
0 0 4.471172 
0 0 4.289406 
0 0 4.295673 
0 0 4.435832 
0 0 4.442235 
0 0 4.433612 
0 0 4.462262 
1 1 14.313161 
1 1 13.961386 
1 1 10.640409 
0 0 4.670909 
0 0 4.695236 
0 0 6.215943 
2 3 3.100900 
0 0 3.166157 
2 3 3.763034 
0 0 2.816172 
0 0 2.990424 
1 1 3.224703 
1 1 3.489380 
0 0 4.576366 
1 1 13.973447 
1 1 13.830125 
0 0 6.020991 
1 1 5.321244 
1 1 18.982557 
1 1 4.650807 
0 0 3.888575 
0 0 3.031275 
0 0 2.926274 
1 1 11.903607 
0 0 5.482886 
0 0 4.208720 
0 0 4.506165 
0 0 3.989013 
0 0 4.028524 
1 1 6.396174 
0 0 4.797619 
0 0 5.574415 
0 0 4.308046 
0 0 4.303794 
1 1 12.577685 
0 0 4.297828 
0 0 4.295607 
0 0 4.160073 
0 0 3.629394 
0 0 4.272319 
0 0 10.076008 
0 0 4.891768 
0 0 4.817137 
0 0 5.194218 
2 3 1.296803 
0 0 5.456565 
0 0 4.530682 
0 0 4.249204 
0 0 4.257334 
0 0 3.835633 
0 0 2.579000 
1 1 5.686363 
6 7 8.421334 
1 1 8.132390 
1 1 8.256634 
5 6 7.684728 
1 1 4.409772 
0 0 4.221120 
0 0 4.378655 
0 0 4.395288 
0 0 4.375518 
0 0 4.675390 
0 0 4.529257 
1 1 14.001836 
0 0 4.253582 
0 0 4.336589 
5 6 14.550341 
0 0 4.334815 
0 0 4.136401 
0 0 4.345648 
0 0 4.459037 
0 0 4.328813 
0 0 4.700033 
0 0 4.815968 
0 0 4.397801 
0 0 4.297892 
0 0 4.467341 
0 0 4.829617 
0 0 4.321157 
0 0 4.567601 
0 0 4.360119 
0 0 4.099151 
0 0 4.205055 
0 0 4.923793 
0 0 4.636306 
0 0 4.566921 
0 0 3.732377 
0 0 3.817214 
0 0 3.631277 
2 3 7.369056 
2 3 5.687166 
2 3 6.130034 
2 3 5.252732 
2 3 5.395141 
2 3 5.574873 
2 3 5.644084 
0 0 4.309712 
0 0 4.967182 
1 1 10.530148 
5 6 27.844979 
0 0 4.579154 
0 0 4.500705 
0 0 4.329723 
0 0 4.384083 
0 0 4.364956 
0 0 4.314936 
0 0 4.553613 
0 0 4.455463 
0 0 4.623632 
0 0 4.376924 
6 7 19.250017 
0 0 4.325806 
0 0 4.718373 
0 0 4.348259 
0 0 4.558331 
0 0 4.748092 
0 0 4.599245 
0 0 4.577136 
0 0 4.495109 
0 0 4.480671 
0 0 4.467906 
0 0 4.493617 
0 0 4.506223 
0 0 4.434506 
0 0 3.606606 
0 0 3.547752 
0 0 3.788736 
0 0 4.019149 
0 0 3.649367 
0 0 3.570144 
1 1 5.183161 
1 1 5.121510 
1 1 5.175643 
1 1 5.213805 
1 1 5.161666 
0 0 4.353206 
0 0 4.522548 
0 0 4.583510 
0 0 4.756334 
0 0 4.504466 
0 0 4.319211 
0 0 4.821655 
0 0 4.722330 
0 0 4.869937 
0 0 4.510754 
0 0 4.990073 
0 0 4.551135 
0 0 4.852934 
0 0 4.426235 
0 0 4.388144 
0 0 4.390121 
0 0 4.543573 
0 0 4.507194 
0 0 4.909235 
0 0 4.469935 
0 0 4.428624 
0 0 4.535892 
0 0 4.529270 
0 0 4.599470 
0 0 4.527523 
0 0 4.507791 
0 0 4.601489 
0 0 4.652165 
0 0 4.769807 
0 0 4.296892 
0 0 4.484686 
0 0 4.472322 
0 0 4.483116 
0 0 4.262794 
0 0 4.485090 
0 0 4.498035 
0 0 4.417253 
0 0 4.483518 
0 0 4.381919 
0 0 5.228850 
0 0 4.482312 
0 0 4.693618 
0 0 5.290834 
0 0 4.531504 
0 0 4.502678 
1 1 5.230889 
1 1 5.892015 
1 1 5.113290 
1 1 5.053970 
1 1 5.754133 
1 1 5.273456 
1 1 5.116390 
0 0 4.807606 
0 0 4.734178 
0 0 4.636907 
0 0 4.689098 
0 0 4.502487 
0 0 4.315858 
0 0 4.460631 
0 0 4.563905 
0 0 5.560681 
0 0 4.644857 
0 0 4.349083 
0 0 4.622428 
0 0 4.410959 
0 0 4.618253 
0 0 4.570011 
0 0 4.482571 
0 0 4.206585 
0 0 4.985342 
0 0 4.466301 
0 0 4.466816 
0 0 4.271089 
0 0 4.383382 
0 0 4.476553 
0 0 4.484597 
0 0 4.468132 
0 0 4.704120 
0 0 4.313820 
0 0 4.171643 
1 1 5.103198 
1 1 14.737905 
1 1 12.405481 
1 1 16.426044 
5 6 21.551965 
0 0 4.637268 
0 0 4.427706 
0 0 4.385569 
0 0 4.227390 
0 0 4.689948 
0 0 4.487691 
0 0 4.445985 
0 0 4.321641 
0 0 4.829328 
0 0 4.324228 
0 0 4.820117 
0 0 4.772378 
0 0 4.548443 
0 0 4.925666 
0 0 4.887045 
0 0 4.660982 
2 3 9.549069 
2 3 8.581954 
2 3 8.606868 
2 3 8.517717 
2 3 8.821869 
2 3 8.045304 
2 3 6.580410 
0 0 3.889631 
0 0 3.603803 
0 0 3.592279 
0 0 4.869014 
0 0 4.868820 
0 0 5.152489 
0 0 4.820741 
0 0 4.760104 
0 0 4.903498 
0 0 4.928658 
0 0 5.043747 
0 0 4.971446 
0 0 4.641974 
2 3 6.628933 
2 3 6.365788 
2 3 6.108711 
2 3 17.404456 
1 1 8.216130 
2 3 6.464943 
3 4 8.390271 
2 3 5.662425 
2 3 14.839460 
2 3 13.122312 
2 3 15.334668 
5 6 10.851707 
2 3 10.649842 
0 0 4.720193 
0 0 4.500139 
0 0 4.659538 
0 0 4.452620 
0 0 4.445626 
0 0 4.579983 
0 0 4.538499 
0 0 4.711939 
0 0 4.721163 
0 0 4.492731 
2 3 7.953534 
2 3 8.546985 
2 3 8.833972 
2 3 8.938438 
2 3 2.548378 
2 3 10.271441 
0 0 4.579779 
0 0 4.281363 
0 0 4.293403 
0 0 4.543572 
0 0 4.144347 
0 0 4.599488 
0 0 4.619345 
0 0 4.264139 
0 0 3.925409 
0 0 4.112246 
0 0 4.359084 
0 0 4.263618 
0 0 3.940769 
0 0 4.368800 
0 0 4.370173 
0 0 3.815084 
0 0 3.825413 
0 0 3.598818 
0 0 4.016052 
0 0 3.923031 
0 0 4.280736 
2 3 6.830322 
1 1 5.091881 
1 1 5.099349 
1 1 8.531799 
1 1 18.106555 
1 1 10.719908 
2 3 6.462855 
2 3 28.895833 
0 0 4.719446 
0 0 4.410957 
0 0 4.072974 
0 0 4.632249 
6 7 6.760446 
2 3 9.391867 
3 4 14.572980 
7 8 11.920685 
2 3 7.888731 
2 3 8.538136 
1 1 22.891717 
0 0 8.298389 
0 0 4.291272 
1 1 12.109803 
2 3 15.396777 
0 0 3.281945 
2 3 18.013188 
2 3 13.136039 
0 0 3.917235 
2 3 15.125906 
5 6 30.946858 
5 6 67.225281 
1 1 5.866836 
7 8 16.018765 
2 3 18.884972 
6 7 23.376052 
2 3 6.916327 
2 3 24.856484 
7 8 32.648884 
2 3 35.388756 
1 1 13.580008 
5 6 5.888879 
1 1 27.535377 
1 1 10.753051 
1 1 28.408091 
2 3 7.089194 
1 1 7.243877 
1 1 5.637585 
1 1 5.531132 
1 1 6.621861 
1 1 6.711525 
1 1 7.140526 
1 1 26.818307 
5 6 29.633452 
0 0 4.046658 
1 1 4.192483 
0 0 4.469600 
0 0 7.737583 
0 0 7.737985 
0 0 7.737668 
0 0 7.737615 
0 0 7.737652 
0 0 8.314375 
0 0 5.769494 
0 0 4.697707 
5 6 20.008704 
0 0 4.289969 
0 0 4.607898 
0 0 5.093073 
1 1 7.806034 
6 7 4.572399 
0 0 4.858480 
0 0 4.708311 
0 0 3.628901 
6 7 26.176427 
1 1 15.891061 
2 3 9.112465 
2 3 2.227719 
1 1 9.170855 
0 0 4.768092 
3 4 24.772968 
0 0 8.061141 
0 0 6.988018 
1 1 15.805104 
0 0 7.878297 
0 0 8.368032 
0 0 8.298607 
0 0 8.298011 
0 0 8.298887 
0 0 8.297802 
0 0 8.297326 
0 0 7.467492 
0 0 8.302260 
0 0 8.301554 
0 0 8.302263 
0 0 8.302679 
0 0 8.301980 
0 0 8.301648 
0 0 8.302418 
0 0 8.157607 
0 0 7.004279 
5 6 9.352056 
2 3 8.330960 
0 0 6.503154 
0 0 7.055532 
1 1 9.905608 
0 0 3.673757 
0 0 3.129276 
1 1 5.186221 
2 3 8.054601 
2 3 10.347551 
2 3 7.819636 
0 0 8.419691 
0 0 7.896697 
0 0 7.468354 
0 0 5.053451 
2 3 7.227918 
2 3 6.286215 
0 0 2.618206 
0 0 8.127347 
0 0 8.150074 
0 0 8.150066 
0 0 8.150074 
0 0 8.150074 
1 1 5.275694 
1 1 14.709984 
0 0 3.531361 
1 1 3.924580 
0 0 4.120391 
2 3 6.480313 
2 3 6.290995 
2 3 6.337540 
2 3 6.727981 
2 3 7.628664 
2 3 6.705633 
2 3 6.114758 
2 3 7.047939 
2 3 7.453322 
2 3 6.073653 
7 8 31.843465 
1 1 11.099585 
1 1 4.945182 
1 1 5.222272 
1 1 5.468746 
1 1 4.984516 
1 1 4.780579 
1 1 11.725372 
5 6 22.984848 
2 3 25.199745 
5 6 33.218854 
1 1 7.561683 
7 8 22.158334 
5 6 29.748327 
1 1 32.978512 
1 1 32.978815 
0 0 8.454751 
1 1 4.568019 
0 0 4.405689 
0 0 6.144543 
2 3 14.326464 
2 3 13.695710 
0 0 8.736983 
0 0 8.289556 
0 0 7.687186 
0 0 7.652488 
0 0 7.632277 
0 0 7.602185 
0 0 7.636601 
0 0 7.204542 
0 0 7.648343 
0 0 6.912477 
0 0 7.314204 
7 8 170.358199 
5 6 29.258826 
5 6 26.869220 
5 6 31.749301 
5 6 35.472597 
5 6 36.043499 
5 6 36.862327 
5 6 31.123470 
7 8 21.154158 
2 3 19.478746 
2 3 21.134962 
2 3 13.094243 
4 5 5.818400 
2 3 5.945731 
2 3 7.078750 
2 3 6.290418 
2 3 6.153494 
2 3 5.842157 
2 3 5.989322 
3 4 9.255371 
2 3 41.176549 
7 8 26.866988 
2 3 25.461155 
2 3 23.769799 
0 0 8.415426 
2 3 69.493994 
0 0 7.683033 
1 1 6.824985 
1 1 7.017059 
7 8 20.347835 
5 6 38.225427 
2 3 4.260180 
0 0 7.505928 
0 0 5.502538 
0 0 5.516714 
0 0 6.770190 
0 0 8.000852 
0 0 8.281763 
1 1 6.912767 
1 1 6.603221 
0 0 6.696217 
0 0 6.741410 
0 0 6.728714 
0 0 6.741542 
0 0 6.516349 
0 0 6.558131 
0 0 6.558281 
0 0 6.571610 
0 0 6.686988 
0 0 8.275623 
0 0 8.273588 
0 0 6.676226 
3 4 17.465045 
0 0 6.373079 
0 0 5.685906 
0 0 6.373168 
0 0 5.553129 
0 0 6.380776 
0 0 6.373783 
0 0 6.546072 
0 0 5.699053 
0 0 5.702663 
0 0 6.369555 
0 0 5.970040 
0 0 5.681916 
0 0 5.683368 
1 1 18.122360 
0 0 5.473241 
0 0 6.373376 
0 0 6.368370 
0 0 6.384063 
0 0 5.686316 
0 0 3.578099 
2 3 12.627288 
5 6 10.340600 
5 6 27.785438 
5 6 29.551723 
5 6 29.950384 
0 0 5.727106 
0 0 6.890048 
1 1 18.121459 
0 0 6.816361 
0 0 5.855583 
0 0 5.559109 
0 0 5.574980 
0 0 6.751742 
0 0 5.557274 
0 0 5.549082 
0 0 6.809556 
0 0 6.665750 
0 0 6.695250 
0 0 5.969647 
0 0 6.345705 
0 0 23.142846 
1 1 26.436075 
1 1 31.130845 
1 1 30.296564 
1 1 20.182535 
1 1 22.972391 
1 1 25.974533 
1 1 18.105737 
1 1 18.105784 
1 1 31.131960 
1 1 18.784533 
1 1 36.908498 
1 1 24.556384 
1 1 17.993330 
1 1 32.377484 
6 7 7.336367 
2 3 7.272902 
2 3 5.325046 
6 7 6.429755 
2 3 16.979369 
1 1 37.491863 
1 1 37.496242 
1 1 16.835857 
7 8 21.024429 
7 8 21.582108 
2 3 7.083127 
2 3 19.491625 
1 1 6.090658 
2 3 19.606077 
2 3 17.706859 
1 1 16.833836 
1 1 17.136339 
1 1 16.199346 
7 8 18.808176 
1 1 27.020269 
1 1 18.499224 
1 1 30.789089 
1 1 26.932190 
7 8 21.247014 
2 3 7.135716 
0 0 20.088924 
2 3 24.671038 
2 3 20.133568 
3 4 18.317682 
2 3 5.125287 
2 3 18.047972 
0 0 9.750713 
2 3 15.887361 
7 8 25.718029 
2 3 7.915372 
2 3 16.174924 
2 3 20.959781 
6 7 3.277938 
0 0 9.069157 
1 1 7.681838 
1 1 11.545980 
7 8 30.209689 
0 0 7.802424 
0 0 10.006525 
0 0 7.912475 
0 0 7.792724 
0 0 6.615681 
0 0 7.034123 
0 0 6.850390 
1 1 14.502656 
2 3 42.798890 
0 0 7.022639 
0 0 7.022488 
0 0 6.672242 
0 0 6.233885 
0 0 6.278684 
0 0 6.406219 
0 0 5.733983 
0 0 5.734109 
0 0 6.906278 
0 0 6.058977 
0 0 7.348477 
0 0 7.347906 
0 0 7.307433 
0 0 7.306771 
0 0 7.306326 
0 0 5.975175 
0 0 5.730908 
0 0 7.022732 
1 1 14.362467 
5 6 68.651920 
0 0 4.685858 
6 7 4.535101 
2 3 21.770783 
2 3 20.477430 
1 1 7.163564 
1 1 6.843337 
1 1 6.836518 
1 1 6.670217 
1 1 6.771689 
1 1 6.684504 
0 0 15.651061 
2 3 5.618488 
2 3 32.319675 
2 3 26.219752 
2 3 12.064173 
2 3 2.129870 
2 3 5.872408 
2 3 22.940923 
2 3 13.907744 
2 3 17.483343 
0 0 10.035363 
2 3 22.962146 
2 3 21.375121 
2 3 1.425226 
2 3 19.046745 
7 8 1207.021312 
7 8 21.916495 
2 3 6.381993 
2 3 25.559947 
2 3 7.833392 
2 3 6.881141 
2 3 6.070068 
2 3 9.511693 
2 3 12.817403 
2 3 13.226261 
2 3 7.030504 
2 3 20.592075 
2 3 7.945084 
0 0 10.104569 
0 0 9.714927 
0 0 9.301462 
0 0 8.928727 
0 0 8.600942 
0 0 10.254379 
0 0 9.539664 
0 0 5.921166 
0 0 6.992724 
0 0 9.541457 
0 0 8.289421 
0 0 8.815852 
0 0 9.200362 
5 6 32.608453 
2 3 14.490644 
2 3 15.905579 
2 3 14.219790 
2 3 40.474119 
2 3 16.018210 
2 3 16.423194 
2 3 2.146591 
2 3 13.081137 
2 3 2.096390 
2 3 13.742298 
2 3 21.193481 
2 3 11.643912 
2 3 6.458961 
2 3 19.803530 
2 3 17.631548 
0 0 5.979183 
1 1 2.939471 
0 0 6.852966 
0 0 9.546065 
0 0 8.288544 
0 0 10.254296 
0 0 23.043884 
0 0 5.473545 
0 0 6.374181 
0 0 5.681592 
0 0 5.683257 
0 0 5.728454 
0 0 6.885485 
0 0 5.556306 
0 0 5.849292 
2 3 17.944262 
2 3 15.051382 
2 3 15.298795 
2 3 13.577107 
2 3 13.989186 
2 3 14.646142 
2 3 15.345036 
7 8 19.936156 
2 3 7.714273 
0 0 5.956840 
0 0 8.855228 
6 7 14.576747 
2 3 3.352334 
6 7 4.711392 
6 7 6.850508 
2 3 7.162409 
3 4 9.656596 
6 7 8.231791 
6 7 7.679644 
6 7 7.846766 
2 3 8.051730 
1 1 11.284933 
2 3 111.644946 
0 0 7.062695 
0 0 7.371543 
0 0 7.426333 
0 0 6.250300 
0 0 6.607185 
0 0 8.564316 
0 0 8.257034 
0 0 8.409588 
0 0 8.038214 
0 0 8.258028 
5 6 92.731662 
2 3 16.349809 
2 3 39.660656 
1 1 17.920620 
1 1 24.438904 
0 0 8.349470 
0 0 8.376331 
5 6 17.903019 
2 3 2.365771 
5 6 64.445108 
0 0 8.348908 
0 0 8.644193 
0 0 7.671878 
0 0 7.673271 
0 0 5.497463 
0 0 5.496732 
0 0 7.672283 
0 0 7.507007 
0 0 5.372459 
0 0 7.673149 
0 0 7.694616 
0 0 5.372020 
0 0 7.670889 
0 0 7.233461 
0 0 7.633854 
2 3 26.769424 
7 8 143.881055 
2 3 139.076335 
0 0 7.673666 
0 0 7.672939 
0 0 7.351346 
0 0 14.581570 
0 0 7.345013 
0 0 7.345924 
0 0 6.930138 
0 0 7.347123 
0 0 7.346663 
0 0 7.345425 
0 0 7.317527 
0 0 7.345050 
0 0 14.460698 
0 0 7.342001 
0 0 7.341022 
0 0 6.926082 
0 0 7.354587 
0 0 7.342975 
0 0 7.344169 
0 0 7.355598 
0 0 6.923020 
1 1 16.628040 
1 1 17.204955 
5 6 12.548568 
1 1 12.669131 
1 1 37.233936 
5 6 42.821241 
0 0 6.210498 
1 1 32.240136 
0 0 6.205064 
2 3 20.003160 
2 3 19.890910 
2 3 17.943041 
0 0 4.062743 
0 0 6.206766 
0 0 7.375487 
1 1 41.676877 
1 1 5.032415 
5 6 11.218917 
2 3 6.248961 
0 0 7.549857 
0 0 8.298957 
0 0 6.891978 
2 3 12.928716 
1 1 4.857092 
2 3 9.546214 
1 1 21.692688 
2 3 29.317948 
0 0 7.724305 
0 0 7.724358 
0 0 7.724333 
0 0 7.724306 
0 0 7.724446 
0 0 7.724306 
0 0 7.724421 
0 0 7.724306 
0 0 7.724421 
0 0 7.730595 
0 0 7.724421 
0 0 7.730657 
1 1 22.418762 
5 6 16.744567 
1 1 4.957420 
2 3 3.576881 
0 0 4.719747 
0 0 4.127657 
0 0 3.783089 
0 0 9.719852 
1 1 18.275319 
2 3 18.932982 
2 3 24.281110 
2 3 20.218336 
0 0 6.704237 
0 0 7.874783 
4 5 6.252036 
2 3 20.467066 
2 3 6.297660 
2 3 7.187961 
7 8 34.686521 
2 3 6.800273 
2 3 10.396518 
2 3 10.262078 
1 1 12.411869 
3 4 5.487972 
0 0 4.366051 
0 0 4.991734 
1 1 4.385986 
2 3 9.056466 
2 3 8.105901 
0 0 6.301225 
0 0 6.394130 
2 3 26.897880 
2 3 6.299629 
2 3 6.549663 
2 3 17.650067 
2 3 2.260273 
2 3 18.298622 
2 3 6.089887 
2 3 9.714314 
2 3 5.892196 
2 3 9.607250 
2 3 6.520143 
2 3 5.966296 
2 3 6.637499 
2 3 19.285552 
2 3 22.709419 
1 1 6.969430 
1 1 6.952700 
0 0 8.586545 
2 3 18.251688 
2 3 12.053984 
5 6 19.942148 
5 6 33.726514 
2 3 6.313720 
2 3 6.493442 
2 3 19.662767 
2 3 20.547438 
2 3 8.911353 
2 3 18.251281 
2 3 6.258859 
2 3 6.308739 
2 3 2.300482 
2 3 7.410441 
2 3 18.412117 
2 3 6.050569 
2 3 21.009570 
2 3 10.340275 
2 3 6.804649 
1 1 10.552737 
2 3 6.924267 
2 3 22.072850 
2 3 6.387251 
4 5 20.225092 
2 3 2.767556 
6 7 24.527479 
2 3 6.276923 
7 8 12.549459 
2 3 25.047757 
2 3 21.905528 
2 3 2.300737 
2 3 23.664387 
0 0 4.336031 
5 6 18.164819 
5 6 14.141030 
2 3 16.492859 
2 3 9.373303 
2 3 7.836466 
2 3 18.797231 
2 3 6.451449 
6 7 6.223563 
2 3 22.049400 
2 3 24.340301 
2 3 17.395280 
2 3 36.828841 
2 3 21.564172 
2 3 63.597924 
2 3 20.000536 
2 3 19.181270 
2 3 67.726714 
2 3 17.972259 
1 1 12.400768 
1 1 12.159395 
0 0 7.821675 
2 3 20.222673 
7 8 28.358181 
7 8 49.169003 
7 8 40.637018 
5 6 29.867082 
5 6 12.993128 
5 6 13.051672 
2 3 4.710543 
6 7 5.137674 
0 0 7.414454 
0 0 7.159184 
0 0 7.120754 
0 0 8.337996 
5 6 37.268019 
0 0 7.356812 
0 0 7.355861 
0 0 7.355500 
0 0 7.354145 
0 0 7.348693 
0 0 9.454966 
1 1 12.857619 
0 0 6.901604 
0 0 7.462168 
0 0 6.375274 
0 0 7.529856 
0 0 5.800763 
0 0 7.355416 
0 0 7.531053 
0 0 7.357574 
0 0 7.338485 
0 0 7.475181 
0 0 5.833192 
0 0 7.534137 
0 0 7.536503 
0 0 5.805260 
0 0 7.365263 
0 0 7.365175 
0 0 6.058119 
0 0 7.319936 
0 0 6.901865 
0 0 7.615131 
1 1 12.972483 
0 0 8.287557 
0 0 6.989751 
0 0 7.162955 
0 0 7.096468 
0 0 6.279250 
0 0 6.353668 
0 0 6.353986 
0 0 5.899552 
7 8 11.500063 
0 0 8.628066 
0 0 8.635724 
0 0 8.635588 
0 0 8.591491 
0 0 8.627595 
0 0 8.635399 
0 0 8.606655 
0 0 7.019748 
0 0 7.912376 
0 0 6.777882 
0 0 7.815080 
0 0 7.327498 
0 0 7.724299 
0 0 7.627118 
0 0 7.724306 
0 0 7.724333 
0 0 7.724305 
0 0 7.724306 
5 6 14.669825 
0 0 6.664358 
0 0 6.744967 
0 0 7.338788 
0 0 5.819579 
0 0 6.189625 
0 0 6.966694 
0 0 6.399699 
0 0 7.031653 
0 0 7.686177 
0 0 7.706997 
0 0 7.701358 
0 0 7.237564 
0 0 7.322931 
0 0 7.651749 
0 0 7.696497 
0 0 7.736300 
0 0 7.725775 
0 0 7.700161 
0 0 7.712528 
0 0 7.731780 
0 0 7.703505 
0 0 7.486111 
0 0 7.709661 
0 0 7.722727 
1 1 7.742141 
2 3 23.232597 
0 0 7.706850 
0 0 7.687323 
0 0 7.672334 
0 0 7.672141 
0 0 7.702538 
0 0 7.675475 
0 0 5.365508 
0 0 6.057105 
0 0 5.354037 
0 0 5.473363 
0 0 5.455477 
0 0 5.429734 
0 0 5.357883 
0 0 5.472265 
0 0 5.454302 
0 0 5.522987 
0 0 5.453870 
0 0 5.465501 
0 0 5.359930 
0 0 4.768178 
1 1 8.172651 
1 1 10.908543 
0 0 6.310398 
0 0 7.713843 
0 0 5.655683 
0 0 7.691516 
0 0 5.637356 
0 0 6.101320 
0 0 7.714033 
0 0 6.202691 
0 0 5.537170 
0 0 7.714563 
0 0 7.708494 
0 0 5.525209 
0 0 7.233249 
0 0 7.691288 
0 0 7.687485 
0 0 7.693827 
0 0 5.519505 
0 0 6.099420 
0 0 7.691804 
0 0 6.183610 
0 0 5.540516 
0 0 3.576538 
0 0 6.275244 
0 0 5.352499 
0 0 5.156836 
0 0 5.180944 
0 0 5.537179 
7 8 47.264636 
7 8 28.836126 
2 3 24.443264 
0 0 3.512788 
2 3 1.732754 
0 0 7.773936 
0 0 8.577114 
6 7 4.593613 
0 0 8.318972 
0 0 7.680935 
0 0 9.651811 
0 0 5.556978 
0 0 5.321847 
5 6 10.955867 
1 1 12.264003 
0 0 7.862655 
0 0 7.893503 
1 1 8.492103 
0 0 7.441159 
0 0 6.353234 
1 1 5.332838 
0 0 7.329873 
0 0 6.544332 
2 3 1.675164 
1 1 7.749113 
0 0 7.416711 
2 3 1.932398 
1 1 5.082686 
1 1 7.046736 
2 3 6.216141 
0 0 5.367223 
0 0 5.157867 
0 0 5.171580 
0 0 5.137626 
0 0 5.342830 
0 0 5.340868 
0 0 5.515796 
0 0 5.523609 
0 0 5.324047 
0 0 5.509996 
0 0 5.329870 
1 1 5.442663 
0 0 6.925190 
1 1 4.531609 
0 0 7.605510 
1 1 8.300285 
0 0 8.146691 
0 0 7.184012 
0 0 7.568076 
0 0 6.001459 
0 0 5.323755 
0 0 5.318459 
0 0 6.063358 
0 0 5.501721 
0 0 5.514431 
0 0 5.332806 
0 0 5.697050 
0 0 5.342998 
0 0 6.381323 
0 0 7.715418 
0 0 7.623239 
0 0 7.777364 
0 0 5.836229 
0 0 7.686234 
0 0 7.458210 
0 0 6.688849 
0 0 7.690249 
0 0 7.683776 
2 3 9.161057 
0 0 7.695378 
0 0 6.454234 
0 0 7.233590 
0 0 7.594342 
1 1 5.736449 
0 0 7.991716 
0 0 8.169877 
0 0 6.875821 
1 1 6.000656 
1 1 6.089934 
1 1 6.170105 
0 0 7.326731 
0 0 7.663535 
0 0 7.710979 
0 0 7.680797 
0 0 6.878551 
0 0 5.214603 
0 0 7.693936 
0 0 7.723353 
0 0 7.139826 
0 0 7.317418 
0 0 7.719628 
0 0 7.698108 
0 0 8.255609 
0 0 7.601183 
0 0 7.028716 
1 1 14.885897 
1 1 22.776765 
0 0 8.337019 
0 0 7.029664 
0 0 7.029148 
0 0 7.719063 
0 0 7.657564 
0 0 7.657457 
0 0 7.719290 
0 0 7.657475 
0 0 7.657480 
0 0 8.227020 
0 0 26.369837 
0 0 6.035202 
2 3 14.758828 
2 3 14.685299 
0 0 6.427809 
0 0 6.023702 
0 0 6.170163 
0 0 6.173257 
0 0 5.393623 
0 0 5.760941 
0 0 6.389148 
0 0 5.548787 
0 0 6.172703 
0 0 6.390572 
0 0 6.561626 
0 0 5.532684 
0 0 5.973846 
0 0 6.315918 
0 0 7.558615 
0 0 7.195390 
2 3 36.157633 
0 0 6.367336 
0 0 6.930213 
0 0 6.640784 
0 0 7.353568 
0 0 5.971910 
0 0 7.349821 
0 0 6.679701 
0 0 23.699433 
0 0 6.224107 
0 0 5.982160 
1 1 31.901740 
0 0 5.965279 
0 0 5.153362 
0 0 5.763885 
0 0 6.388730 
0 0 5.811828 
0 0 6.506517 
0 0 7.153142 
0 0 8.227417 
0 0 6.731302 
7 8 34.399732 
0 0 8.587997 
0 0 8.958324 
5 6 20.708439 
1 1 19.674622 
7 8 14.840812 
1 1 4.685954 
1 1 4.773338 
7 8 8.639048 
7 8 5.391814 
7 8 66.490369 
7 8 55.441922 
7 8 96.747674 
7 8 47.746135 
0 0 8.961307 
0 0 8.943047 
0 0 8.960552 
0 0 8.925822 
0 0 8.960367 
0 0 8.171808 
0 0 7.486096 
0 0 7.493847 
5 6 27.203257 
1 1 21.127613 
1 1 21.391477 
1 1 20.517511 
1 1 9.143550 
1 1 14.860838 
1 1 10.464427 
1 1 30.938583 
1 1 35.048676 
1 1 28.600312 
1 1 32.044541 
0 0 5.756300 
0 0 8.306481 
0 0 7.321835 
0 0 8.302279 
0 0 8.278610 
0 0 8.302376 
0 0 6.562922 
0 0 8.291145 
0 0 7.853915 
0 0 8.286518 
0 0 6.097877 
0 0 5.781025 
0 0 8.267556 
0 0 8.312405 
0 0 8.394313 
0 0 8.272172 
0 0 6.083268 
0 0 8.283602 
0 0 8.278942 
0 0 6.570345 
0 0 7.870837 
0 0 8.299443 
0 0 8.286615 
0 0 8.286062 
0 0 7.844734 
0 0 8.286666 
0 0 7.693302 
0 0 8.256056 
0 0 8.257262 
0 0 8.265426 
0 0 8.264000 
0 0 8.066905 
0 0 8.279154 
2 3 44.896562 
2 3 22.898873 
0 0 8.285737 
0 0 8.287088 
0 0 7.998212 
0 0 7.863517 
0 0 8.287146 
0 0 6.892969 
0 0 8.291597 
5 6 26.482319 
1 1 21.979169 
1 1 21.169928 
1 1 20.171319 
1 1 23.148542 
1 1 24.772721 
1 1 11.496647 
1 1 17.360536 
1 1 21.034238 
1 1 21.479451 
0 0 6.628426 
0 0 7.724420 
0 0 8.264787 
0 0 8.267551 
0 0 8.287398 
0 0 8.265526 
1 1 23.119727 
1 1 23.146272 
1 1 32.871088 
1 1 18.646387 
5 6 50.441705 
7 8 6.210452 
7 8 6.308915 
7 8 20.624725 
0 0 7.730608 
0 0 7.702710 
0 0 8.280619 
0 0 6.095714 
0 0 6.444957 
0 0 8.282547 
0 0 6.401632 
0 0 8.283044 
0 0 8.284154 
0 0 8.316899 
0 0 8.616619 
0 0 6.859764 
0 0 5.142204 
0 0 8.263206 
0 0 5.096143 
0 0 15.527224 
0 0 5.108459 
0 0 5.108490 
0 0 8.267356 
0 0 8.266871 
0 0 8.267326 
0 0 5.107516 
0 0 8.262823 
0 0 8.267326 
0 0 6.856959 
0 0 5.747287 
0 0 8.262842 
0 0 8.750306 
0 0 6.922468 
0 0 6.816391 
0 0 8.747290 
0 0 7.628242 
0 0 8.751827 
0 0 6.967145 
0 0 6.557194 
0 0 7.529257 
0 0 8.749597 
0 0 7.471616 
0 0 8.168650 
0 0 8.764720 
0 0 8.725979 
0 0 8.763443 
0 0 8.299624 
0 0 8.178616 
0 0 8.760359 
0 0 8.556934 
0 0 8.761620 
0 0 8.655725 
0 0 8.761642 
0 0 8.578822 
0 0 7.177161 
0 0 7.338433 
0 0 7.320530 
1 1 27.324547 
1 1 23.156271 
1 1 26.751845 
1 1 30.056929 
0 0 20.553436 
0 0 24.181532 
0 0 8.281568 
7 8 15.258973 
0 0 8.280770 
0 0 7.951537 
0 0 8.018936 
0 0 7.550936 
0 0 8.279840 
0 0 8.279034 
0 0 8.281535 
0 0 7.241876 
0 0 8.281522 
0 0 6.197568 
2 3 2.353777 
0 0 6.205306 
0 0 6.591058 
0 0 8.281350 
0 0 8.281644 
0 0 6.589020 
0 0 8.279885 
0 0 8.279885 
1 1 4.988203 
4 5 5.408908 
2 3 5.386723 
1 1 10.196956 
2 3 5.359149 
0 0 3.671293 
0 0 8.289258 
0 0 5.345932 
1 1 8.483158 
3 4 3.025706 
7 8 46.847157 
0 0 5.870080 
0 0 5.870630 
0 0 5.870631 
0 0 5.869915 
0 0 5.873336 
0 0 5.869163 
0 0 5.871192 
0 0 5.873897 
0 0 5.850837 
2 3 2.208146 
7 8 22.125766 
7 8 25.502861 
5 6 42.094335 
5 6 20.075406 
1 1 15.441152 
0 0 7.388589 
0 0 7.397543 
0 0 7.394822 
0 0 7.382097 
0 0 7.399291 
0 0 7.386651 
0 0 7.391512 
0 0 7.391409 
0 0 7.391244 
0 0 7.391414 
0 0 7.391069 
0 0 7.391468 
0 0 7.390903 
0 0 7.391425 
0 0 7.390611 
0 0 7.391353 
0 0 7.390384 
0 0 7.391386 
5 6 14.153583 
5 6 15.398507 
7 8 24.400366 
2 3 8.345764 
2 3 2.223080 
0 0 8.793279 
0 0 8.826346 
0 0 7.533489 
0 0 7.391431 
0 0 7.534532 
2 3 77.106813 
2 3 13.398293 
2 3 15.372210 
3 4 21.081017 
2 3 2.027757 
2 3 9.992651 
1 1 7.193279 
3 4 4.882496 
0 0 2.705090 
1 1 8.849047 
1 1 7.476761 
0 0 3.018531 
2 3 3.604251 
0 0 3.391309 
2 3 12.843394 
0 0 5.621344 
1 1 4.540301 
1 1 9.436072 
1 1 8.685947 
0 0 7.128101 
1 1 6.207875 
1 1 4.910612 
1 1 6.393682 
1 1 6.078556 
1 1 5.453748 
1 1 6.294599 
2 3 52.180033 
0 0 3.622648 
0 0 5.343807 
1 1 3.267877 
0 0 3.914554 
0 0 3.825844 
1 1 7.065604 
3 4 2.666199 
1 1 6.268377 
1 1 5.003568 
3 4 2.392145 
0 0 9.087785 
7 8 112.460795 
7 8 23.988148 
7 8 94.505687 
0 0 5.134203 
0 0 5.592365 
0 0 5.587927 
0 0 5.837550 
0 0 5.841443 
0 0 5.841420 
0 0 5.830454 
0 0 5.827630 
0 0 5.827471 
0 0 5.829239 
0 0 5.835063 
0 0 5.833778 
0 0 5.832353 
0 0 5.835115 
0 0 5.909905 
0 0 5.592375 
0 0 5.182949 
0 0 5.877361 
0 0 5.872926 
0 0 5.870928 
0 0 5.870819 
0 0 5.874136 
0 0 6.658326 
0 0 6.436627 
0 0 6.435131 
0 0 6.434030 
0 0 6.430847 
0 0 6.350792 
2 3 26.474709 
0 0 6.422879 
0 0 6.423779 
0 0 6.425783 
0 0 6.427276 
0 0 6.427783 
0 0 6.414220 
0 0 6.412591 
2 3 25.129198 
1 1 13.482535 
1 1 17.015010 
7 8 47.374249 
0 0 5.029773 
0 0 5.338085 
0 0 8.961607 
0 0 8.287567 
0 0 7.943900 
2 3 2.586103 
0 0 8.356833 
0 0 7.560320 
2 3 27.855521 
2 3 27.999306 
1 1 12.987103 
1 1 14.384103 
2 3 15.142991 
2 3 16.406178 
1 1 5.906831 
1 1 3.663524 
0 0 6.357682 
0 0 6.360830 
0 0 6.364095 
0 0 6.368622 
0 0 6.374231 
0 0 6.376759 
0 0 6.380959 
0 0 6.383878 
0 0 6.390736 
0 0 6.393916 
0 0 6.392740 
0 0 6.403009 
0 0 6.405803 
0 0 6.411173 
0 0 6.034340 
0 0 5.791915 
0 0 6.385088 
0 0 6.421776 
1 1 6.059913 
0 0 9.721041 
2 3 13.667968 
0 0 6.196556 
0 0 6.196974 
0 0 6.199062 
0 0 6.198459 
0 0 3.651840 
2 3 12.135534 
3 4 14.106271 
2 3 33.796545 
0 0 3.860226 
0 0 3.579538 
1 1 17.187364 
1 1 8.424247 
0 0 5.775913 
0 0 16.959920 
Landscape Indices
LSI 31.137722
