Parcel indices
Type Original Type 
0 1 
1 2 
2 3 
3 4 
4 5 
5 7 
6 8 
7 9 
8 10 
9 11 
10 12 
11 13 
12 14 
13 15 
14 16 
15 17 
16 18 
17 22 
18 23 
19 24 
20 25 
21 26 
22 27 
23 28 
24 29 
25 30 
26 31 
27 32 
28 33 
29 34 
30 35 
31 36 
32 37 
33 38 
34 39 
35 40 
36 41 
37 42 
38 43 
39 44 
40 45 
41 46 
42 47 
43 48 
44 49 
45 50 
46 52 
47 53 
48 54 
49 55 
50 56 
51 57 
52 58 
53 59 
54 60 
55 61 
56 62 
57 63 
58 64 
59 66 
60 67 
61 68 
62 69 
63 70 
64 71 
65 72 
66 73 
67 74 
68 75 
69 76 
70 77 
71 78 
72 80 
73 81 
74 82 
75 83 
76 84 
77 85 
78 86 
79 87 
80 88 
81 89 
82 90 
83 91 
84 92 
85 93 
86 94 
87 108 
88 109 
89 110 
90 111 
91 112 
92 113 
93 115 
94 116 
95 117 
96 118 
97 119 
98 120 
99 121 
100 122 
101 136 
102 137 
103 138 
104 139 
105 140 
106 141 
107 142 
108 143 
109 162 
110 163 
111 164 
112 165 
113 166 
114 167 
115 168 
116 169 
117 170 
118 171 
119 172 
120 173 
121 180 
122 181 
123 182 
124 183 
125 184 
126 185 
127 186 
128 187 
129 188 
130 199 
131 200 
132 201 
133 207 
134 208 
135 209 
136 210 
137 211 
138 212 
139 213 
140 214 
141 224 
142 225 
143 226 
144 227 
145 228 
146 229 
147 230 
148 231 
149 232 
150 233 
151 234 
152 235 
153 236 
154 237 
155 238 
156 241 
157 242 
158 243 
159 244 
160 245 
161 246 
162 247 
163 248 
164 249 
165 250 
166 251 
167 252 
168 253 
169 254 
170 255 
171 256 
172 257 
173 258 
174 259 
175 262 
176 264 
177 265 
178 266 
179 267 
180 268 
181 269 
182 271 
183 272 
184 273 
185 274 
186 275 
187 276 
188 277 
189 278 
190 280 
191 281 
192 284 
193 285 
194 286 
195 287 
196 288 
197 289 
198 290 
199 291 
200 292 
201 293 
202 294 
203 297 
204 298 
205 299 
206 301 
207 302 
208 303 
209 304 
210 305 
211 306 
212 307 
213 312 
214 313 
215 314 
216 315 
217 317 
218 318 
219 321 
220 322 
221 323 
222 324 
223 325 
224 326 
225 327 
226 329 
227 330 
228 331 
229 332 
230 333 
231 334 
232 335 
233 336 
234 337 
235 338 
236 339 
237 340 
238 341 
239 342 
240 343 
241 345 
242 346 
243 347 
244 348 
245 349 
246 350 
247 351 
248 352 
249 353 
250 354 
251 355 
252 356 
253 357 
254 358 
255 359 
256 360 
257 361 
258 362 
259 365 
260 366 
261 367 
262 368 
263 369 
264 370 
265 371 
266 372 
267 373 
268 374 
269 375 
270 376 
271 377 
272 378 
273 379 
274 380 
275 381 
276 382 
277 383 
278 384 
279 385 
280 386 
281 387 
282 388 
283 389 
284 390 
285 391 
286 392 
287 393 
288 394 
289 395 
290 396 
291 397 
292 398 
293 399 
294 400 
295 401 
296 402 
297 403 
298 404 
299 405 
300 406 
301 407 
302 408 
303 409 
304 410 
305 411 
306 412 
307 413 
308 414 
309 415 
310 416 
311 417 
312 418 
313 419 
314 420 
315 421 
316 422 
317 423 
318 424 
319 425 
320 426 
321 427 
322 429 
323 431 
324 433 
325 434 
326 435 
327 437 
328 438 
329 439 
330 440 
331 441 
332 442 
333 443 
334 444 
335 445 
336 446 
337 447 
338 448 
339 449 
340 450 
341 451 
342 452 
343 453 
344 454 
345 455 
346 456 
347 457 
348 458 
349 459 
350 460 
351 461 
352 462 
353 463 
354 464 
355 465 
356 466 
357 467 
358 468 
359 469 
360 470 
361 471 
362 472 
363 473 
364 474 
365 475 
366 476 
367 477 
368 478 
369 479 
370 480 
371 481 
372 482 
373 483 
374 484 
375 485 
376 486 
377 487 
378 488 
379 489 
380 491 
381 492 
382 493 
383 494 
384 496 
385 497 
386 499 
387 500 
388 501 
389 502 
390 503 
391 504 
392 505 
393 506 
394 507 
395 508 
396 509 
397 510 
398 511 
399 512 
400 513 
401 514 
402 515 
403 516 
404 517 
405 518 
406 519 
407 520 
408 521 
409 522 
410 523 
411 524 
412 525 
413 526 
414 527 
415 528 
416 529 
417 530 
418 532 
419 533 
420 534 
421 535 
422 536 
423 537 
424 538 
425 539 
426 540 
427 541 
428 542 
429 543 
430 544 
431 545 
432 546 
433 547 
434 548 
435 549 
436 550 
437 551 
438 552 
439 553 
440 554 
441 555 
442 556 
443 558 
444 559 
445 560 
446 561 
447 562 
448 563 
449 564 
450 565 
451 566 
452 567 
453 568 
454 569 
455 570 
456 571 
457 572 
458 573 
459 574 
460 575 
461 576 
462 577 
463 578 
464 579 
465 580 
466 581 
467 582 
468 583 
469 584 
470 585 
471 586 
472 587 
473 588 
474 589 
475 590 
476 591 
477 592 
478 593 
479 594 
480 595 
481 596 
482 597 
483 598 
484 599 
485 600 
486 601 
487 602 
488 603 
489 604 
490 605 
491 606 
492 607 
493 608 
494 609 
495 610 
496 611 
497 612 
498 613 
499 614 
500 615 
501 616 
502 617 
503 618 
504 619 
505 620 
506 621 
507 622 
508 623 
509 624 
510 625 
511 626 
512 627 
513 628 
514 630 
515 632 
516 633 
517 634 
518 635 
519 636 
520 637 
521 638 
522 639 
523 640 
524 641 
525 642 
526 643 
527 644 
528 645 
529 646 
530 647 
531 648 
532 649 
533 650 
534 651 
535 652 
536 653 
537 654 
538 655 
539 656 
540 657 
541 658 
542 659 
543 660 
544 661 
545 662 
546 663 
547 664 
548 665 
549 666 
550 667 
551 668 
552 669 
553 670 
554 671 
555 672 
556 673 
557 674 
558 675 
559 676 
560 677 
561 678 
562 679 
563 680 
564 681 
565 682 
566 683 
567 684 
568 685 
569 686 
570 687 
571 688 
572 689 
573 690 
574 691 
575 692 
576 693 
577 694 
578 696 
579 698 
580 700 
581 701 
582 702 
583 703 
584 704 
585 705 
586 706 
587 707 
588 708 
589 709 
590 710 
591 711 
592 712 
593 713 
594 714 
595 715 
596 716 
597 717 
598 718 
599 719 
600 720 
601 721 
602 722 
603 723 
604 724 
605 725 
606 726 
607 727 
608 728 
609 729 
610 730 
611 731 
612 732 
613 733 
614 734 
615 735 
616 736 
617 737 
618 738 
619 739 
620 740 
621 741 
622 742 
623 743 
624 744 
625 745 
626 746 
627 747 
628 748 
629 749 
630 750 
631 751 
632 752 
633 753 
634 754 
635 755 
636 756 
637 757 
638 758 
639 759 
640 760 
641 761 
642 762 
643 763 
644 764 
645 765 
646 766 
647 767 
648 768 
649 769 
650 770 
651 771 
652 772 
653 773 
654 774 
655 775 
656 776 
657 777 
658 778 
659 779 
660 780 
661 781 
662 782 
663 783 
664 784 
665 785 
666 786 
667 787 
668 788 
669 789 
670 790 
671 791 
672 792 
673 793 
674 794 
675 795 
676 796 
677 797 
678 798 
679 799 
680 800 
681 801 
682 802 
683 803 
684 804 
685 805 
686 806 
687 807 
688 808 
689 809 
690 810 
691 811 
692 812 
693 813 
694 814 
695 815 
696 817 
697 818 
698 819 
699 820 
700 821 
701 822 
702 823 
703 824 
704 825 
705 826 
706 827 
707 828 
708 829 
709 830 
710 831 
711 832 
712 833 
713 834 
714 835 
715 836 
716 837 
717 838 
718 839 
719 840 
720 841 
721 842 
722 843 
723 844 
724 845 
725 846 
726 847 
727 848 
728 849 
729 850 
730 851 
731 852 
732 853 
733 854 
734 855 
735 856 
736 857 
737 858 
738 859 
739 860 
740 861 
741 862 
742 863 
743 864 
744 865 
745 866 
746 867 
747 868 
748 869 
749 870 
750 871 
751 872 
752 874 
753 875 
754 876 
755 877 
756 879 
757 881 
758 882 
759 883 
760 884 
761 885 
762 886 
763 887 
764 888 
765 889 
766 890 
767 891 
768 892 
769 893 
770 895 
771 896 
772 898 
773 900 
774 901 
775 902 
776 903 
777 904 
778 905 
779 906 
780 907 
781 908 
782 909 
783 910 
784 911 
785 912 
786 913 
787 914 
788 917 
789 918 
790 920 
791 921 
792 922 
793 923 
794 925 
795 926 
796 927 
797 928 
798 929 
799 930 
800 931 
801 932 
802 933 
803 934 
804 935 
805 937 
806 939 
807 940 
808 941 
809 942 
810 943 
811 944 
812 945 
813 946 
814 947 
815 948 
816 949 
817 950 
818 951 
819 952 
820 953 
821 954 
822 955 
823 956 
824 957 
825 958 
826 959 
827 960 
828 961 
829 962 
830 963 
831 964 
832 965 
833 966 
834 967 
835 968 
836 969 
837 970 
838 971 
839 972 
840 973 
841 974 
842 975 
843 976 
844 977 
845 978 
846 979 
847 980 
848 981 
849 982 
850 983 
851 984 
852 985 
853 986 
854 987 
855 988 
856 989 
857 990 
858 991 
859 992 
860 993 
861 994 
862 995 
863 996 
864 997 
865 998 
866 999 
867 1000 
868 1001 
869 1002 
870 1003 
871 1004 
872 1005 
873 1006 
874 1007 
875 1008 
876 1009 
877 1010 
878 1011 
879 1013 
880 1015 
881 1016 
882 1017 
883 1018 
884 1019 
885 1020 
886 1021 
887 1023 
888 1024 
889 1025 
890 1026 
891 1027 
892 1028 
893 1029 
894 1030 
895 1031 
896 1032 
897 1033 
898 1034 
899 1035 
900 1036 
901 1037 
902 1038 
903 1039 
904 1040 
905 1041 
906 1042 
907 1043 
908 1044 
909 1045 
910 1046 
911 1047 
912 1048 
913 1049 
914 1050 
915 1051 
916 1052 
917 1053 
918 1054 
919 1055 
920 1056 
921 1057 
922 1058 
923 1059 
924 1060 
925 1061 
926 1063 
927 1064 
928 1065 
929 1066 
930 1067 
931 1068 
932 1069 
933 1070 
934 1071 
935 1072 
936 1073 
937 1074 
938 1075 
939 1076 
940 1077 
941 1078 
942 1079 
943 1080 
944 1081 
945 1082 
946 1083 
947 1084 
948 1085 
949 1086 
950 1087 
951 1088 
952 1089 
953 1090 
954 1091 
955 1092 
956 1093 
957 1094 
958 1095 
959 1096 
960 1097 
961 1098 
962 1099 
963 1101 
964 1103 
965 1104 
966 1105 
967 1106 
968 1107 
969 1108 
970 1109 
971 1110 
972 1111 
973 1112 
974 1113 
975 1114 
976 1115 
977 1116 
978 1117 
979 1118 
980 1119 
981 1120 
982 1121 
983 1122 
984 1123 
985 1124 
986 1125 
987 1126 
988 1127 
989 1128 
990 1129 
991 1130 
992 1131 
993 1132 
994 1133 
995 1134 
996 1135 
997 1136 
998 1137 
999 1138 
1000 1139 
1001 1140 
1002 1143 
1003 1144 
1004 1145 
1005 1146 
1006 1147 
1007 1148 
1008 1149 
1009 1150 
1010 1151 
1011 1152 
1012 1153 
1013 1154 
1014 1155 
1015 1156 
1016 1157 
1017 1158 
1018 1159 
1019 1160 
1020 1161 
1021 1162 
1022 1163 
1023 1164 
1024 1165 
1025 1166 
1026 1167 
1027 1168 
1028 1169 
1029 1170 
1030 1171 
1031 1172 
1032 1173 
1033 1174 
1034 1175 
1035 1176 
1036 1177 
1037 1178 
1038 1179 
1039 1180 
1040 1181 
1041 1182 
1042 1183 
1043 1184 
1044 1185 
1045 1186 
1046 1187 
1047 1188 
1048 1189 
1049 1190 
1050 1191 
1051 1192 
1052 1193 
1053 1195 
1054 1196 
1055 1197 
1056 1200 
1057 1201 
1058 1202 
1059 1203 
1060 1204 
1061 1205 
1062 1206 
1063 1207 
1064 1208 
1065 1209 
1066 1210 
1067 1211 
1068 1212 
1069 1213 
1070 1214 
1071 1215 
1072 1216 
1073 1218 
1074 1219 
1075 1220 
1076 1221 
1077 1222 
1078 1223 
1079 1224 
1080 1225 
1081 1226 
1082 1227 
1083 1228 
1084 1229 
1085 1230 
1086 1231 
1087 1232 
1088 1233 
1089 1234 
1090 1235 
1091 1236 
1092 1237 
1093 1238 
1094 1239 
1095 1240 
1096 1241 
1097 1242 
1098 1243 
1099 1244 
1100 1245 
1101 1246 
1102 1247 
1103 1248 
1104 1249 
1105 1250 
1106 1251 
1107 1252 
1108 1253 
1109 1255 
1110 1256 
1111 1257 
1112 1258 
1113 1259 
1114 1260 
1115 1261 
1116 1262 
1117 1263 
1118 1264 
1119 1265 
1120 1266 
1121 1267 
1122 1268 
1123 1269 
1124 1270 
1125 1271 
1126 1272 
1127 1273 
1128 1274 
1129 1275 
1130 1276 
1131 1277 
1132 1278 
1133 1279 
1134 1280 
1135 1281 
1136 1282 
1137 1283 
1138 1284 
1139 1285 
1140 1286 
1141 1287 
1142 1289 
1143 1290 
1144 1294 
1145 1298 
1146 1300 
1147 1301 
1148 1302 
1149 1303 
1150 1304 
1151 1305 
1152 1306 
1153 1307 
1154 1308 
1155 1309 
1156 1310 
1157 1311 
1158 1312 
1159 1313 
1160 1314 
1161 1315 
1162 1316 
1163 1317 
1164 1318 
1165 1319 
1166 1320 
1167 1321 
1168 1322 
1169 1323 
1170 1324 
1171 1325 
1172 1326 
1173 1327 
1174 1329 
1175 1330 
1176 1331 
1177 1332 
1178 1333 
1179 1334 
1180 1335 
1181 1336 
1182 1337 
1183 1338 
1184 1339 
1185 1340 
1186 1341 
1187 1342 
1188 1343 
1189 1344 
1190 1345 
1191 1346 
1192 1347 
1193 1348 
1194 1349 
1195 1350 
1196 1351 
1197 1352 
1198 1353 
1199 1354 
1200 1355 
1201 1356 
1202 1357 
1203 1358 
1204 1359 
1205 1360 
1206 1361 
1207 1365 
1208 1366 
1209 1367 
1210 1368 
1211 1369 
1212 1370 
1213 1371 
1214 1372 
1215 1373 
1216 1374 
1217 1376 
1218 1377 
1219 1378 
1220 1379 
1221 1380 
1222 1381 
1223 1382 
1224 1383 
1225 1384 
1226 1385 
1227 1386 
1228 1387 
1229 1388 
1230 1389 
1231 1390 
1232 1391 
1233 1392 
1234 1393 
1235 1397 
1236 1398 
1237 1399 
1238 1400 
1239 1401 
1240 1403 
1241 1404 
1242 1405 
1243 1406 
1244 1407 
1245 1408 
1246 1409 
1247 1410 
1248 1411 
1249 1412 
1250 1413 
1251 1414 
1252 1415 
1253 1416 
1254 1417 
1255 1418 
1256 1419 
1257 1420 
1258 1421 
1259 1422 
1260 1423 
1261 1424 
1262 1425 
1263 1426 
1264 1427 
1265 1428 
1266 1429 
1267 1430 
1268 1431 
1269 1432 
1270 1433 
1271 1436 
1272 1437 
1273 1438 
1274 1439 
1275 1440 
1276 1442 
1277 1443 
1278 1444 
1279 1445 
1280 1446 
1281 1449 
1282 1450 
1283 1451 
1284 1452 
1285 1453 
1286 1454 
1287 1455 
1288 1456 
1289 1457 
1290 1458 
1291 1459 
1292 1460 
1293 1462 
1294 1463 
1295 1464 
1296 1465 
1297 1466 
1298 1468 
1299 1470 
1300 1471 
1301 1472 
1302 1473 
1303 1475 
1304 1476 
1305 1477 
1306 1478 
1307 1479 
1308 1480 
1309 1482 
1310 1483 
1311 1485 
1312 1486 
1313 1487 
1314 1488 
1315 1489 
1316 1490 
1317 1491 
1318 1492 
1319 1493 
1320 1494 
1321 1495 
1322 1497 
1323 1500 
1324 1501 
1325 1503 
1326 1504 
1327 1505 
1328 1506 
1329 1508 
1330 1509 
1331 1510 
1332 1511 
1333 1513 
1334 1514 
1335 1515 
1336 1516 
1337 1517 
1338 1519 
1339 1520 
1340 1521 
1341 1522 
1342 1523 
1343 1529 
1344 1530 
1345 1531 
1346 1532 
1347 1533 
1348 1534 
1349 1536 
1350 1537 
1351 1538 
1352 1539 
1353 1540 
1354 1541 
1355 1542 
1356 1543 
1357 1544 
1358 1545 
1359 1546 
1360 1551 
1361 1556 
1362 1557 
1363 1558 
1364 1559 
1365 1560 
1366 1561 
1367 1563 
1368 1564 
1369 1565 
1370 1566 
1371 1567 
1372 1568 
1373 1569 
1374 1570 
1375 1571 
1376 1572 
1377 1573 
1378 1574 
1379 1575 
1380 1576 
1381 1577 
1382 1578 
1383 1579 
1384 1580 
1385 1581 
1386 1582 
1387 1583 
1388 1584 
1389 1585 
1390 1586 
1391 1587 
1392 1588 
1393 1589 
1394 1590 
1395 1591 
1396 1592 
1397 1593 
1398 1594 
1399 1595 
1400 1596 
1401 1597 
1402 1598 
1403 1599 
1404 1600 
1405 1601 
1406 1602 
1407 1603 
1408 1604 
1409 1605 
1410 1606 
1411 1607 
1412 1608 
1413 1609 
1414 1610 
1415 1611 
1416 1612 
1417 1614 
1418 1615 
1419 1616 
1420 1617 
1421 1618 
1422 1619 
1423 1620 
1424 1621 
1425 1623 
1426 1624 
1427 1626 
1428 1627 
1429 1628 
1430 1629 
1431 1630 
1432 1633 
1433 1634 
1434 1635 
1435 1636 
1436 1637 
1437 1638 
1438 1639 
1439 1641 
1440 1642 
1441 1646 
1442 1647 
1443 1648 
1444 1649 
1445 1650 
1446 1651 
1447 1652 
1448 1653 
1449 1654 
1450 1655 
1451 1656 
1452 1658 
1453 1661 
1454 1663 
1455 1667 
1456 1675 
1457 1676 
1458 1678 
1459 1679 
1460 1682 
1461 1683 
1462 1686 
1463 1688 
1464 1689 
1465 1690 
1466 1691 
1467 1692 
1468 1693 
1469 1694 
1470 1695 
1471 1696 
1472 1697 
1473 1699 
1474 1700 
1475 1701 
1476 1702 
1477 1703 
1478 1704 
1479 1705 
1480 1706 
1481 1707 
1482 1708 
1483 1709 
1484 1712 
1485 1713 
1486 1714 
1487 1715 
1488 1716 
1489 1717 
1490 1722 
1491 1723 
1492 1724 
1493 1725 
1494 1729 
1495 1730 
1496 1731 
1497 1732 
1498 1733 
1499 1734 
1500 1738 
1501 1740 
1502 1741 
1503 1742 
1504 1743 
1505 1744 
1506 1745 
1507 1747 
1508 1749 
1509 1750 
1510 1751 
1511 1753 
1512 1754 
1513 1755 
1514 1756 
1515 1757 
1516 1758 
1517 1764 
1518 1765 
1519 1766 
1520 1767 
1521 1768 
1522 1769 
1523 1770 
1524 1771 
1525 1772 
1526 1773 
1527 1774 
1528 1775 
1529 1776 
1530 1777 
1531 1778 
1532 1779 
1533 1780 
1534 1781 
1535 1782 
1536 1783 
1537 1784 
1538 1785 
1539 1786 
1540 1787 
1541 1788 
1542 1789 
1543 1790 
1544 1791 
1545 1792 
1546 1793 
1547 1794 
1548 1795 
1549 1796 
1550 1797 
1551 1798 
1552 1799 
1553 1800 
1554 1801 
1555 1802 
1556 1803 
1557 1804 
1558 1805 
1559 1806 
1560 1807 
1561 1808 
1562 1809 
1563 1810 
1564 1811 
1565 1812 
1566 1813 
1567 1814 
1568 1817 
1569 1818 
1570 1819 
1571 1820 
1572 1821 
1573 1826 
1574 1827 
1575 1828 
1576 1829 
1577 1830 
1578 1832 
1579 1833 
1580 1834 
1581 1835 
1582 1836 
1583 1839 
1584 1840 
1585 1841 
1586 1842 
1587 1843 
1588 1844 
1589 1845 
1590 1846 
1591 1847 
1592 1848 
1593 1849 
1594 1850 
1595 1856 
1596 1859 
1597 1860 
1598 1861 
1599 1862 
1600 1863 
1601 1864 
1602 1865 
1603 1866 
1604 1867 
1605 1868 
1606 1870 
1607 1871 
1608 1872 
1609 1873 
1610 1874 
1611 1875 
1612 1876 
1613 1877 
1614 1878 
1615 1879 
1616 1880 
1617 1881 
1618 1882 
1619 1883 
1620 1884 
1621 1885 
1622 1886 
1623 1887 
1624 1888 
1625 1889 
1626 1890 
1627 1891 
1628 1892 
1629 1893 
1630 1894 
1631 1895 
1632 1896 
1633 1897 
1634 1898 
1635 1899 
1636 1900 
1637 1901 
1638 1902 
1639 1903 
1640 1904 
1641 1905 
1642 1906 
1643 1907 
1644 1908 
1645 1909 
1646 1910 
1647 1911 
1648 1912 
1649 1914 
1650 1915 
1651 1916 
1652 1917 
1653 1918 
1654 1919 
1655 1920 
1656 1921 
1657 1922 
1658 1923 
1659 1925 
1660 1926 
1661 1927 
1662 1928 
1663 1930 
1664 1931 
1665 1933 
1666 1934 
1667 1935 
1668 1936 
1669 1938 
1670 1939 
1671 1940 
1672 1941 
1673 1942 
1674 1943 
1675 1944 
1676 1945 
1677 1946 
1678 1947 
1679 1948 
1680 1949 
1681 1950 
1682 1951 
1683 1952 
1684 1953 
1685 1954 
1686 1955 
1687 1956 
1688 1957 
1689 1958 
1690 1959 
1691 1960 
1692 1961 
1693 1962 
1694 1963 
1695 1964 
1696 1965 
1697 1966 
1698 1967 
1699 1968 
1700 1969 
1701 1970 
1702 1971 
1703 1972 
1704 1973 
1705 1974 
1706 1975 
1707 1976 
1708 1977 
1709 1978 
1710 1979 
1711 1980 
1712 1981 
1713 1982 
1714 1983 
1715 1984 
1716 1985 
1717 1986 
1718 1987 
1719 1988 
1720 1989 
1721 1990 
1722 1991 
1723 1992 
1724 1993 
1725 1995 
1726 1996 
1727 1997 
1728 1998 
1729 1999 
1730 2000 
1731 2001 
1732 2002 
1733 2003 
1734 2004 
1735 2005 
1736 2006 
1737 2007 
1738 2008 
1739 2009 
1740 2010 
1741 2011 
1742 2012 
1743 2013 
1744 2014 
1745 2015 
1746 2016 
1747 2017 
1748 2018 
1749 2019 
1750 2020 
1751 2021 
1752 2022 
1753 2023 
1754 2024 
1755 2025 
1756 2026 
1757 2027 
1758 2028 
1759 2029 
1760 2030 
1761 2031 
1762 2032 
1763 2033 
1764 2034 
1765 2035 
1766 2036 
1767 2037 
1768 2038 
1769 2039 
1770 2040 
1771 2043 
1772 2044 
1773 2045 
1774 2046 
1775 2047 
1776 2048 
1777 2049 
1778 2050 
1779 2051 
1780 2052 
1781 2053 
1782 2054 
1783 2055 
1784 2056 
1785 2057 
1786 2058 
1787 2059 
1788 2060 
1789 2061 
1790 2062 
1791 2063 
1792 2064 
1793 2065 
1794 2066 
1795 2067 
1796 2068 
1797 2069 
1798 2070 
1799 2071 
1800 2072 
1801 2073 
1802 2074 
1803 2075 
1804 2076 
1805 2077 
1806 2078 
1807 2079 
1808 2080 
1809 2081 
1810 2082 
1811 2083 
1812 2084 
1813 2085 
1814 2086 
1815 2087 
1816 2088 
1817 2089 
1818 2090 
1819 2091 
1820 2092 
1821 2093 
1822 2094 
1823 2095 
1824 2096 
1825 2097 
1826 2098 
1827 2099 
1828 2100 
1829 2101 
1830 2102 
1831 2103 
1832 2104 
1833 2105 
1834 2106 
1835 2107 
1836 2108 
1837 2109 
1838 2110 
1839 2111 
1840 2112 
1841 2113 
1842 2114 
1843 2115 
1844 2116 
1845 2117 
1846 2119 
1847 2120 
1848 2121 
1849 2122 
1850 2123 
1851 2124 
1852 2125 
1853 2126 
1854 2127 
1855 2128 
1856 2129 
1857 2130 
1858 2131 
1859 2133 
1860 2134 
1861 2135 
1862 2136 
1863 2138 
1864 2139 
1865 2140 
1866 2141 
1867 2142 
1868 2143 
1869 2144 
1870 2145 
1871 2146 
1872 2147 
1873 2148 
1874 2149 
1875 2150 
1876 2151 
1877 2152 
1878 2153 
1879 2154 
1880 2155 
1881 2156 
1882 2157 
1883 2158 
1884 2159 
1885 2160 
1886 2161 
1887 2162 
1888 2163 
1889 2164 
1890 2165 
1891 2166 
1892 2167 
1893 2168 
1894 2169 
1895 2171 
1896 2172 
1897 2173 
1898 2174 
1899 2175 
1900 2176 
1901 2177 
1902 2178 
1903 2179 
1904 2180 
1905 2181 
1906 2182 
1907 2183 
1908 2184 
1909 2185 
1910 2186 
1911 2187 
1912 2188 
1913 2189 
1914 2190 
1915 2191 
1916 2192 
1917 2193 
1918 2195 
1919 2196 
1920 2197 
1921 2200 
1922 2201 
1923 2202 
1924 2203 
1925 2204 
1926 2205 
1927 2206 
1928 2207 
1929 2208 
1930 2209 
1931 2210 
1932 2211 
1933 2212 
1934 2213 
1935 2214 
1936 2215 
1937 2216 
1938 2217 
1939 2218 
1940 2219 
1941 2220 
1942 2222 
1943 2223 
1944 2224 
1945 2225 
1946 2226 
1947 2227 
1948 2228 
1949 2229 
1950 2230 
1951 2231 
1952 2232 
1953 2233 
1954 2234 
1955 2235 
1956 2237 
1957 2238 
1958 2239 
1959 2240 
1960 2241 
1961 2242 
1962 2243 
1963 2244 
1964 2245 
1965 2246 
1966 2247 
1967 2250 
1968 2251 
1969 2254 
1970 2255 
1971 2256 
1972 2257 
1973 2258 
1974 2259 
1975 2260 
1976 2261 
1977 2262 
1978 2263 
1979 2264 
1980 2265 
1981 2266 
1982 2267 
1983 2268 
1984 2269 
1985 2270 
1986 2271 
1987 2272 
1988 2273 
1989 2274 
1990 2275 
1991 2276 
1992 2277 
1993 2278 
1994 2279 
1995 2280 
1996 2281 
1997 2282 
1998 2283 
1999 2284 
2000 2285 
2001 2286 
2002 2287 
2003 2288 
2004 2289 
2005 2290 
2006 2291 
2007 2292 
2008 2293 
2009 2299 
2010 2300 
2011 2302 
2012 2303 
2013 2304 
2014 2305 
2015 2306 
2016 2307 
2017 2308 
2018 2309 
2019 2310 
2020 2311 
2021 2312 
2022 2313 
2023 2314 
2024 2316 
2025 2317 
2026 2318 
2027 2319 
2028 2320 
2029 2321 
2030 2322 
2031 2325 
2032 2326 
2033 2327 
2034 2328 
2035 2329 
2036 2330 
2037 2331 
2038 2332 
2039 2333 
2040 2334 
2041 2335 
2042 2336 
2043 2337 
2044 2338 
2045 2339 
2046 2340 
2047 2341 
2048 2342 
2049 2343 
2050 2344 
2051 2345 
2052 2346 
2053 2347 
2054 2348 
2055 2349 
2056 2350 
2057 2351 
2058 2352 
2059 2353 
2060 2354 
2061 2355 
2062 2357 
2063 2358 
2064 2359 
2065 2360 
2066 2361 
2067 2362 
2068 2364 
2069 2365 
2070 2366 
2071 2367 
2072 2368 
2073 2369 
2074 2370 
2075 2371 
2076 2372 
2077 2373 
2078 2374 
2079 2375 
2080 2376 
2081 2377 
2082 2378 
2083 2379 
2084 2380 
2085 2381 
2086 2382 
2087 2383 
2088 2384 
2089 2385 
2090 2386 
2091 2387 
2092 2388 
2093 2389 
2094 2390 
2095 2391 
2096 2392 
2097 2393 
2098 2394 
2099 2395 
2100 2396 
2101 2397 
2102 2398 
2103 2399 
2104 2400 
2105 2401 
2106 2402 
2107 2403 
2108 2404 
2109 2405 
2110 2406 
2111 2407 
2112 2408 
2113 2410 
2114 2411 
2115 2412 
2116 2413 
2117 2414 
2118 2415 
2119 2416 
2120 2417 
2121 2419 
2122 2420 
2123 2421 
2124 2422 
2125 2423 
2126 2424 
2127 2425 
2128 2426 
2129 2427 
2130 2428 
2131 2429 
2132 2430 
2133 2431 
2134 2432 
2135 2433 
2136 2434 
2137 2435 
2138 2436 
2139 2437 
2140 2440 
2141 2442 
2142 2444 
2143 2445 
2144 2447 
2145 2448 
2146 2449 
2147 2450 
2148 2451 
2149 2452 
2150 2453 
2151 2454 
2152 2455 
2153 2456 
2154 2457 
2155 2458 
2156 2459 
2157 2460 
2158 2461 
2159 2462 
2160 2463 
2161 2464 
2162 2465 
2163 2466 
2164 2467 
2165 2468 
2166 2469 
2167 2470 
2168 2471 
2169 2476 
2170 2477 
2171 2478 
2172 2479 
2173 2480 
2174 2481 
2175 2482 
2176 2483 
2177 2484 
2178 2485 
2179 2486 
2180 2487 
2181 2488 
2182 2489 
2183 2490 
2184 2491 
2185 2492 
2186 2493 
2187 2494 
2188 2495 
2189 2496 
2190 2497 
2191 2498 
2192 2499 
2193 2500 
2194 2501 
2195 2502 
2196 2503 
2197 2504 
2198 2505 
2199 2506 
2200 2507 
2201 2508 
2202 2509 
2203 2510 
2204 2511 
2205 2512 
2206 2513 
2207 2514 
2208 2516 
2209 2517 
2210 2518 
2211 2519 
2212 2520 
2213 2521 
2214 2522 
2215 2523 
2216 2524 
2217 2525 
2218 2526 
2219 2527 
2220 2528 
2221 2529 
2222 2530 
2223 2531 
2224 2532 
2225 2533 
2226 2534 
2227 2535 
2228 2536 
2229 2537 
2230 2538 
2231 2539 
2232 2541 
2233 2542 
2234 2543 
2235 2544 
2236 2546 
2237 2547 
2238 2548 
2239 2549 
2240 2550 
2241 2551 
2242 2552 
2243 2553 
2244 2555 
2245 2556 
2246 2557 
2247 2558 
2248 2559 
2249 2560 
2250 2561 
2251 2562 
2252 2563 
2253 2564 
2254 2565 
2255 2566 
2256 2567 
2257 2568 
2258 2569 
2259 2570 
2260 2571 
2261 2572 
2262 2573 
2263 2574 
2264 2575 
2265 2576 
2266 2577 
2267 2578 
2268 2579 
2269 2580 
2270 2581 
2271 2582 
2272 2583 
2273 2584 
2274 2585 
2275 2586 
2276 2587 
2277 2588 
2278 2589 
2279 2590 
2280 2591 
2281 2592 
2282 2593 
2283 2594 
2284 2595 
2285 2596 
2286 2597 
2287 2598 
2288 2599 
2289 2600 
2290 2601 
2291 2602 
2292 2603 
2293 2604 
2294 2605 
2295 2606 
2296 2607 
2297 2608 
2298 2609 
2299 2610 
2300 2611 
2301 2612 
2302 2613 
2303 2614 
2304 2615 
2305 2616 
2306 2617 
2307 2618 
2308 2619 
2309 2621 
2310 2622 
2311 2623 
2312 2624 
2313 2625 
2314 2626 
2315 2627 
2316 2628 
2317 2629 
2318 2630 
2319 2631 
2320 2632 
2321 2633 
2322 2634 
2323 2635 
2324 2636 
2325 2637 
2326 2638 
2327 2639 
2328 2640 
2329 2641 
2330 2642 
2331 2644 
2332 2645 
2333 2646 
2334 2647 
2335 2648 
2336 2649 
2337 2650 
2338 2651 
2339 2652 
2340 2653 
2341 2654 
2342 2655 
2343 2656 
2344 2657 
2345 2658 
2346 2659 
2347 2660 
2348 2661 
2349 2662 
2350 2663 
2351 2664 
2352 2665 
2353 2666 
2354 2667 
2355 2668 
2356 2669 
2357 2670 
2358 2671 
2359 2672 
2360 2673 
2361 2674 
2362 2675 
2363 2676 
2364 2677 
2365 2678 
2366 2679 
2367 2680 
2368 2681 
2369 2682 
2370 2683 
2371 2684 
2372 2685 
2373 2686 
2374 2687 
2375 2688 
2376 2689 
2377 2690 
2378 2691 
2379 2692 
2380 2693 
2381 2694 
2382 2695 
2383 2696 
2384 2697 
2385 2698 
2386 2699 
2387 2700 
2388 2701 
2389 2702 
2390 2703 
2391 2704 
2392 2705 
2393 2706 
2394 2707 
2395 2708 
2396 2709 
2397 2710 
2398 2711 
2399 2712 
2400 2713 
2401 2714 
2402 2715 
2403 2716 
2404 2717 
2405 2718 
2406 2719 
2407 2720 
2408 2721 
2409 2722 
2410 2723 
2411 2724 
2412 2725 
2413 2726 
2414 2727 
2415 2728 
2416 2730 
2417 2731 
2418 2732 
2419 2733 
2420 2735 
2421 2736 
2422 2737 
2423 2738 
2424 2739 
2425 2740 
2426 2741 
2427 2742 
2428 2743 
2429 2744 
2430 2746 
2431 2748 
2432 2749 
2433 2751 
2434 2752 
2435 2753 
2436 2754 
2437 2755 
2438 2756 
2439 2757 
2440 2758 
2441 2759 
2442 2760 
2443 2761 
2444 2762 
2445 2763 
2446 2764 
2447 2765 
2448 2767 
2449 2768 
2450 2769 
2451 2770 
2452 2771 
2453 2772 
2454 2773 
2455 2774 
2456 2775 
2457 2776 
2458 2777 
2459 2778 
2460 2779 
2461 2780 
2462 2781 
2463 2783 
2464 2784 
2465 2785 
2466 2786 
2467 2787 
2468 2788 
2469 2789 
2470 2790 
2471 2791 
2472 2792 
2473 2793 
2474 2794 
2475 2796 
2476 2798 
2477 2800 
2478 2801 
2479 2802 
2480 2803 
2481 2804 
2482 2805 
2483 2806 
2484 2807 
2485 2808 
2486 2809 
2487 2810 
2488 2811 
2489 2812 
2490 2813 
2491 2814 
2492 2815 
2493 2816 
2494 2817 
2495 2818 
2496 2819 
2497 2820 
2498 2821 
2499 2822 
2500 2823 
2501 2824 
2502 2825 
2503 2826 
2504 2827 
2505 2829 
2506 2830 
2507 2831 
2508 2832 
2509 2833 
2510 2834 
2511 2835 
2512 2836 
2513 2837 
2514 2838 
2515 2839 
2516 2840 
2517 2841 
2518 2842 
2519 2843 
2520 2844 
2521 2845 
2522 2846 
2523 2847 
2524 2848 
2525 2849 
2526 2850 
2527 2851 
2528 2852 
2529 2853 
2530 2854 
2531 2855 
2532 2856 
2533 2857 
2534 2858 
2535 2859 
2536 2860 
2537 2861 
2538 2862 
2539 2863 
2540 2864 
2541 2865 
2542 2866 
2543 2867 
2544 2868 
2545 2869 
2546 2870 
2547 2871 
2548 2872 
2549 2873 
2550 2874 
2551 2875 
2552 2876 
2553 2877 
2554 2878 
2555 2879 
2556 2880 
2557 2881 
2558 2882 
2559 2883 
2560 2884 
2561 2885 
2562 2886 
2563 2887 
2564 2888 
2565 2889 
2566 2890 
2567 2891 
2568 2892 
2569 2893 
2570 2894 
2571 2895 
2572 2896 
2573 2897 
2574 2898 
2575 2899 
2576 2900 
2577 2901 
2578 2902 
2579 2903 
2580 2904 
2581 2905 
2582 2906 
2583 2907 
2584 2908 
2585 2909 
2586 2910 
2587 2911 
2588 2912 
2589 2913 
2590 2914 
2591 2915 
2592 2916 
2593 2917 
2594 2918 
2595 2919 
2596 2920 
2597 2921 
2598 2922 
2599 2923 
2600 2924 
2601 2926 
2602 2927 
2603 2928 
2604 2929 
2605 2930 
2606 2931 
2607 2932 
2608 2933 
2609 2934 
2610 2935 
2611 2936 
2612 2937 
2613 2938 
2614 2939 
2615 2940 
2616 2941 
2617 2942 
2618 2943 
2619 2944 
2620 2945 
2621 2946 
2622 2947 
2623 2948 
2624 2949 
2625 2950 
2626 2951 
2627 2952 
2628 2953 
2629 2954 
2630 2955 
2631 2956 
2632 2957 
2633 2958 
2634 2959 
2635 2960 
2636 2961 
2637 2962 
2638 2963 
2639 2964 
2640 2965 
2641 2966 
2642 2967 
2643 2968 
2644 2969 
2645 2970 
2646 2971 
2647 2972 
2648 2973 
2649 2974 
2650 2975 
2651 2976 
2652 2977 
2653 2978 
2654 2979 
2655 2980 
2656 2981 
2657 2982 
2658 2983 
2659 2984 
2660 2985 
2661 2986 
2662 2987 
2663 2988 
2664 2989 
2665 2990 
2666 2991 
2667 2992 
2668 2993 
2669 2994 
2670 2995 
2671 2996 
2672 2997 
2673 2998 
2674 2999 
2675 3001 
2676 3002 
2677 3003 
2678 3004 
2679 3005 
2680 3006 
2681 3007 
2682 3008 
2683 3009 
2684 3010 
2685 3011 
2686 3012 
2687 3013 
2688 3014 
2689 3015 
2690 3016 
2691 3017 
2692 3018 
2693 3019 
2694 3020 
2695 3021 
2696 3022 
2697 3023 
2698 3024 
2699 3025 
2700 3026 
2701 3027 
2702 3028 
2703 3029 
2704 3030 
2705 3031 
2706 3032 
2707 3033 
2708 3034 
2709 3035 
2710 3036 
2711 3037 
2712 3038 
2713 3039 
2714 3040 
2715 3041 
2716 3042 
2717 3043 
2718 3044 
2719 3045 
2720 3046 
2721 3047 
2722 3048 
2723 3049 
2724 3050 
2725 3051 
2726 3052 
2727 3053 
2728 3054 
2729 3055 
2730 3056 
2731 3057 
2732 3058 
2733 3060 
2734 3061 
2735 3062 
2736 3063 
2737 3064 
2738 3065 
2739 3066 
2740 3067 
2741 3068 
2742 3069 
2743 3070 
2744 3071 
2745 3072 
2746 3073 
2747 3074 
2748 3075 
2749 3076 
2750 3078 
2751 3079 
2752 3080 
2753 3081 
2754 3082 
2755 3083 
2756 3084 
2757 3085 
2758 3086 
2759 3087 
2760 3088 
2761 3089 
2762 3090 
2763 3091 
2764 3092 
2765 3093 
2766 3094 
2767 3095 
2768 3096 
2769 3097 
2770 3098 
2771 3099 
2772 3100 
2773 3101 
2774 3102 
2775 3103 
2776 3104 
2777 3105 
2778 3106 
2779 3107 
2780 3108 
2781 3109 
2782 3110 
2783 3111 
2784 3112 
2785 3113 
2786 3114 
2787 3115 
2788 3116 
2789 3117 
2790 3118 
2791 3119 
2792 3120 
2793 3121 
2794 3122 
2795 3123 
2796 3124 
2797 3125 
2798 3127 
2799 3128 
2800 3129 
2801 3130 
2802 3131 
2803 3132 
2804 3133 
2805 3134 
2806 3135 
2807 3136 
2808 3137 
2809 3138 
2810 3139 
2811 3140 
2812 3141 
2813 3142 
2814 3143 
2815 3144 
2816 3145 
2817 3146 
2818 3147 
2819 3148 
2820 3149 
2821 3150 
2822 3151 
2823 3152 
2824 3153 
2825 3154 
2826 3155 
2827 3156 
2828 3157 
2829 3158 
2830 3159 
2831 3160 
2832 3161 
2833 3162 
2834 3163 
2835 3164 
2836 3167 
2837 3168 
2838 3169 
2839 3170 
2840 3171 
2841 3172 
2842 3173 
2843 3174 
2844 3175 
2845 3176 
2846 3177 
2847 3178 
2848 3179 
2849 3180 
2850 3181 
2851 3182 
2852 3183 
2853 3184 
2854 3185 
2855 3186 
2856 3187 
2857 3188 
2858 3189 
2859 3190 
2860 3191 
2861 3192 
2862 3193 
2863 3194 
2864 3195 
2865 3196 
2866 3197 
2867 3198 
2868 3199 
2869 3200 
2870 3201 
2871 3202 
2872 3203 
2873 3204 
2874 3205 
2875 3206 
2876 3207 
2877 3208 
2878 3209 
2879 3210 
2880 3211 
2881 3212 
2882 3213 
2883 3214 
2884 3215 
2885 3216 
2886 3217 
2887 3218 
2888 3219 
2889 3220 
2890 3221 
2891 3223 
2892 3224 
2893 3225 
2894 3226 
2895 3227 
2896 3228 
2897 3229 
2898 3230 
2899 3231 
2900 3232 
2901 3233 
2902 3234 
2903 3235 
2904 3236 
2905 3237 
2906 3238 
2907 3239 
2908 3240 
2909 3241 
2910 3242 
2911 3244 
2912 3245 
2913 3246 
2914 3247 
2915 3248 
2916 3249 
2917 3250 
2918 3251 
2919 3252 
2920 3253 
2921 3254 
2922 3255 
2923 3256 
2924 3257 
2925 3258 
2926 3259 
2927 3260 
2928 3261 
2929 3262 
2930 3263 
2931 3264 
2932 3265 
2933 3266 
2934 3267 
2935 3268 
2936 3269 
2937 3270 
2938 3271 
2939 3272 
2940 3273 
2941 3274 
2942 3275 
2943 3276 
2944 3277 
2945 3279 
2946 3280 
2947 3281 
2948 3282 
2949 3283 
2950 3284 
2951 3285 
2952 3286 
2953 3287 
2954 3288 
2955 3289 
2956 3290 
2957 3291 
2958 3292 
2959 3293 
2960 3294 
2961 3295 
2962 3296 
2963 3297 
2964 3298 
2965 3299 
2966 3300 
2967 3301 
2968 3302 
2969 3303 
2970 3304 
2971 3305 
2972 3306 
2973 3307 
2974 3308 
2975 3310 
2976 3311 
2977 3313 
2978 3314 
2979 3315 
2980 3316 
2981 3317 
2982 3318 
2983 3319 
2984 3320 
2985 3321 
2986 3322 
2987 3323 
2988 3324 
2989 3325 
2990 3326 
2991 3327 
2992 3328 
2993 3329 
2994 3330 
2995 3331 
2996 3332 
2997 3333 
2998 3334 
2999 3335 
3000 3336 
3001 3337 
3002 3338 
3003 3339 
3004 3340 
3005 3341 
3006 3342 
3007 3343 
3008 3344 
3009 3345 
3010 3346 
3011 3347 
3012 3348 
3013 3349 
3014 3350 
3015 3351 
3016 3352 
3017 3353 
3018 3354 
3019 3355 
3020 3357 
3021 3358 
3022 3359 
3023 3360 
3024 3361 
3025 3362 
3026 3363 
3027 3364 
3028 3365 
3029 3366 
3030 3367 
3031 3368 
3032 3369 
3033 3370 
3034 3371 
3035 3372 
3036 3373 
3037 3374 
3038 3375 
3039 3376 
3040 3377 
3041 3378 
3042 3379 
3043 3380 
3044 3381 
3045 3382 
3046 3383 
3047 3384 
3048 3385 
3049 3386 
3050 3387 
3051 3388 
3052 3389 
3053 3390 
3054 3391 
3055 3392 
3056 3393 
3057 3394 
3058 3395 
3059 3396 
3060 3397 
3061 3398 
3062 3399 
3063 3400 
3064 3401 
3065 3402 
3066 3403 
3067 3404 
3068 3405 
3069 3406 
3070 3407 
3071 3408 
3072 3409 
3073 3410 
3074 3411 
3075 3412 
3076 3413 
3077 3416 
3078 3417 
3079 3418 
3080 3419 
3081 3424 
3082 3428 
3083 3429 
3084 3430 
3085 3431 
3086 3432 
3087 3433 
3088 3434 
3089 3435 
3090 3436 
3091 3437 
3092 3440 
3093 3441 
3094 3442 
3095 3444 
3096 3445 
3097 3446 
3098 3447 
3099 3448 
3100 3449 
3101 3450 
3102 3451 
3103 3452 
3104 3453 
3105 3454 
3106 3455 
3107 3456 
3108 3457 
3109 3458 
3110 3459 
3111 3460 
3112 3461 
3113 3462 
3114 3463 
3115 3464 
3116 3465 
3117 3466 
3118 3467 
3119 3468 
3120 3469 
3121 3470 
3122 3471 
3123 3472 
3124 3473 
3125 3474 
3126 3475 
3127 3476 
3128 3477 
3129 3478 
3130 3479 
3131 3480 
3132 3481 
3133 3482 
3134 3483 
3135 3484 
3136 3485 
3137 3486 
3138 3487 
3139 3488 
3140 3489 
3141 3490 
3142 3491 
3143 3492 
3144 3493 
3145 3494 
3146 3495 
3147 3496 
3148 3497 
3149 3498 
3150 3502 
3151 3503 
3152 3504 
3153 3505 
3154 3506 
3155 3507 
3156 3508 
3157 3509 
3158 3511 
3159 3512 
3160 3513 
3161 3514 
3162 3515 
3163 3516 
3164 3517 
3165 3518 
3166 3519 
3167 3520 
3168 3521 
3169 3522 
3170 3523 
3171 3524 
3172 3525 
3173 3526 
3174 3527 
3175 3528 
3176 3529 
3177 3530 
3178 3531 
3179 3532 
3180 3533 
3181 3534 
3182 3535 
3183 3536 
3184 3537 
3185 3538 
3186 3539 
3187 3540 
3188 3541 
3189 3542 
3190 3543 
3191 3544 
3192 3545 
3193 3546 
3194 3547 
3195 3548 
3196 3549 
3197 3550 
3198 3551 
3199 3552 
3200 3553 
3201 3554 
3202 3555 
3203 3556 
3204 3557 
3205 3558 
3206 3559 
3207 3560 
3208 3561 
3209 3562 
3210 3563 
3211 3564 
3212 3565 
3213 3566 
3214 3567 
3215 3568 
3216 3569 
3217 3570 
3218 3571 
3219 3572 
3220 3573 
3221 3574 
3222 3575 
3223 3576 
3224 3577 
3225 3578 
3226 3579 
3227 3580 
3228 3581 
3229 3582 
3230 3583 
3231 3584 
3232 3585 
3233 3586 
3234 3587 
3235 3588 
3236 3589 
3237 3590 
3238 3591 
3239 3592 
3240 3593 
3241 3594 
3242 3595 
3243 3596 
3244 3597 
3245 3598 
3246 3599 
3247 3600 
3248 3601 
3249 3602 
3250 3603 
3251 3604 
3252 3605 
3253 3606 
3254 3607 
3255 3608 
3256 3609 
3257 3610 
3258 3611 
3259 3612 
3260 3613 
3261 3614 
3262 3616 
3263 3617 
3264 3618 
3265 3619 
3266 3620 
3267 3621 
3268 3622 
3269 3623 
3270 3625 
3271 3626 
3272 3627 
3273 3628 
3274 3629 
3275 3631 
3276 3633 
3277 3634 
3278 3635 
3279 3636 
3280 3637 
3281 3638 
3282 3639 
3283 3640 
3284 3641 
3285 3642 
3286 3643 
3287 3644 
3288 3645 
3289 3646 
3290 3647 
3291 3648 
3292 3649 
3293 3650 
3294 3651 
3295 3652 
3296 3653 
3297 3654 
3298 3655 
3299 3656 
3300 3657 
3301 3658 
3302 3659 
3303 3660 
3304 3661 
3305 3662 
3306 3663 
3307 3664 
3308 3665 
3309 3666 
3310 3668 
3311 3669 
3312 3670 
3313 3671 
3314 3672 
3315 3673 
3316 3674 
3317 3675 
3318 3676 
3319 3677 
3320 3678 
3321 3679 
3322 3680 
3323 3681 
3324 3682 
3325 3683 
3326 3684 
3327 3685 
3328 3686 
3329 3687 
3330 3688 
3331 3689 
3332 3690 
3333 3691 
3334 3698 
3335 3699 
3336 3703 
3337 3704 
3338 3705 
3339 3706 
3340 3707 
3341 3708 
3342 3709 
3343 3710 
3344 3711 
3345 3712 
3346 3713 
3347 3714 
3348 3715 
3349 3716 
3350 3717 
3351 3718 
3352 3720 
3353 3721 
3354 3722 
3355 3723 
3356 3724 
3357 3725 
3358 3726 
3359 3727 
3360 3728 
3361 3729 
3362 3730 
3363 3731 
3364 3732 
3365 3733 
3366 3734 
3367 3735 
3368 3736 
3369 3737 
3370 3738 
3371 3739 
3372 3740 
3373 3741 
3374 3742 
3375 3743 
3376 3744 
3377 3745 
3378 3746 
3379 3747 
3380 3748 
3381 3749 
3382 3751 
3383 3752 
3384 3753 
3385 3754 
3386 3755 
3387 3756 
3388 3757 
3389 3758 
3390 3759 
3391 3760 
3392 3762 
3393 3763 
3394 3767 
3395 3768 
3396 3769 
3397 3770 
3398 3771 
3399 3776 
3400 3777 
3401 3780 
3402 3782 
3403 3783 
3404 3784 
3405 3785 
3406 3786 
3407 3787 
3408 3788 
3409 3789 
3410 3790 
3411 3791 
3412 3792 
3413 3793 
3414 3794 
3415 3795 
3416 3796 
3417 3797 
3418 3798 
3419 3799 
3420 3800 
3421 3801 
3422 3802 
3423 3803 
3424 3804 
3425 3805 
3426 3806 
3427 3807 
3428 3808 
3429 3809 
3430 3810 
3431 3811 
3432 3812 
3433 3813 
3434 3814 
3435 3815 
3436 3816 
3437 3817 
3438 3818 
3439 3819 
3440 3820 
3441 3821 
3442 3822 
3443 3823 
3444 3824 
3445 3826 
3446 3827 
3447 3828 
3448 3829 
3449 3831 
3450 3832 
3451 3833 
3452 3834 
3453 3835 
3454 3836 
3455 3837 
3456 3838 
3457 3839 
3458 3840 
3459 3841 
3460 3842 
3461 3843 
3462 3844 
3463 3845 
3464 3846 
3465 3847 
3466 3848 
3467 3849 
3468 3850 
3469 3851 
3470 3852 
3471 3853 
3472 3854 
3473 3855 
3474 3859 
3475 3861 
3476 3862 
3477 3863 
3478 3864 
3479 3868 
3480 3869 
3481 3870 
3482 3871 
3483 3872 
3484 3873 
3485 3874 
3486 3875 
3487 3876 
3488 3877 
3489 3878 
3490 3879 
3491 3880 
3492 3881 
3493 3882 
3494 3883 
3495 3884 
3496 3885 
3497 3886 
3498 3888 
3499 3889 
3500 3890 
3501 3891 
3502 3892 
3503 3893 
3504 3894 
3505 3895 
3506 3896 
3507 3897 
3508 3898 
3509 3899 
3510 3900 
3511 3901 
3512 3902 
3513 3903 
3514 3904 
3515 3905 
3516 3906 
3517 3908 
3518 3909 
3519 3910 
3520 3911 
3521 3912 
3522 3913 
3523 3914 
3524 3915 
3525 3916 
3526 3917 
3527 3918 
3528 3919 
3529 3920 
3530 3921 
3531 3922 
3532 3923 
3533 3924 
3534 3925 
3535 3926 
3536 3927 
3537 3929 
3538 3930 
3539 3931 
3540 3932 
3541 3933 
3542 3934 
3543 3935 
3544 3936 
3545 3937 
3546 3938 
3547 3939 
3548 3940 
3549 3942 
3550 3943 
3551 3944 
3552 3945 
3553 3946 
3554 3947 
3555 3948 
3556 3949 
3557 3950 
3558 3951 
3559 3952 
3560 3953 
3561 3954 
3562 3955 
3563 3956 
3564 3957 
3565 3958 
3566 3959 
3567 3960 
3568 3961 
3569 3962 
3570 3963 
3571 3964 
3572 3965 
3573 3966 
3574 3967 
3575 3968 
3576 3969 
3577 3970 
3578 3971 
3579 3972 
3580 3973 
3581 3974 
3582 3975 
3583 3976 
3584 3977 
3585 3978 
3586 3979 
3587 3980 
3588 3981 
3589 3982 
3590 3983 
3591 3984 
3592 3985 
3593 3986 
3594 3987 
3595 3988 
3596 3989 
3597 3990 
3598 3991 
3599 3992 
3600 3993 
3601 3994 
3602 3995 
3603 3996 
3604 3997 
3605 3998 
3606 3999 
3607 4000 
3608 4001 
3609 4002 
3610 4003 
3611 4004 
3612 4005 
3613 4006 
3614 4007 
3615 4008 
3616 4009 
3617 4010 
3618 4011 
3619 4012 
3620 4013 
3621 4014 
3622 4015 
3623 4016 
3624 4017 
3625 4018 
3626 4019 
3627 4020 
3628 4021 
3629 4022 
3630 4023 
3631 4024 
3632 4025 
3633 4026 
3634 4028 
3635 4029 
3636 4030 
3637 4031 
3638 4032 
3639 4033 
3640 4034 
3641 4035 
3642 4036 
3643 4037 
3644 4038 
3645 4039 
3646 4041 
3647 4042 
3648 4043 
3649 4044 
3650 4045 
3651 4046 
3652 4047 
3653 4048 
3654 4049 
3655 4050 
3656 4051 
3657 4052 
3658 4053 
3659 4054 
3660 4055 
3661 4056 
3662 4057 
3663 4058 
3664 4059 
3665 4060 
3666 4061 
3667 4062 
3668 4063 
3669 4064 
3670 4065 
3671 4066 
3672 4067 
3673 4068 
3674 4069 
3675 4070 
3676 4071 
3677 4072 
3678 4073 
3679 4074 
3680 4075 
3681 4076 
3682 4077 
3683 4078 
3684 4079 
3685 4080 
3686 4081 
3687 4082 
3688 4083 
3689 4085 
3690 4087 
3691 4088 
3692 4089 
3693 4090 
3694 4094 
3695 4095 
3696 4096 
3697 4097 
3698 4098 
3699 4099 
3700 4100 
3701 4101 
3702 4102 
3703 4103 
3704 4104 
3705 4105 
3706 4106 
3707 4107 
3708 4108 
3709 4109 
3710 4110 
3711 4111 
3712 4112 
3713 4113 
3714 4114 
3715 4115 
3716 4116 
3717 4117 
3718 4118 
3719 4119 
3720 4120 
3721 4121 
3722 4122 
3723 4123 
3724 4124 
3725 4125 
3726 4126 
3727 4127 
3728 4128 
3729 4129 
3730 4130 
3731 4131 
3732 4132 
3733 4133 
3734 4134 
3735 4135 
3736 4136 
3737 4137 
3738 4138 
3739 4139 
3740 4140 
3741 4141 
3742 4142 
3743 4143 
3744 4144 
3745 4145 
3746 4146 
3747 4147 
3748 4148 
3749 4149 
3750 4150 
3751 4151 
3752 4152 
3753 4153 
3754 4154 
3755 4155 
3756 4156 
3757 4157 
3758 4158 
3759 4159 
3760 4160 
3761 4161 
3762 4162 
3763 4163 
3764 4164 
3765 4165 
3766 4166 
3767 4167 
3768 4169 
3769 4170 
3770 4171 
3771 4172 
3772 4173 
3773 4174 
3774 4175 
3775 4176 
3776 4177 
3777 4178 
3778 4179 
3779 4180 
3780 4181 
3781 4182 
3782 4183 
3783 4184 
3784 4185 
3785 4187 
3786 4189 
3787 4190 
3788 4191 
3789 4192 
3790 4193 
3791 4194 
3792 4195 
3793 4196 
3794 4198 
3795 4200 
3796 4202 
3797 4203 
3798 4204 
3799 4205 
3800 4206 
3801 4207 
3802 4208 
3803 4209 
3804 4210 
3805 4211 
3806 4212 
3807 4213 
3808 4214 
3809 4215 
3810 4216 
3811 4217 
3812 4218 
3813 4220 
3814 4221 
3815 4222 
3816 4223 
3817 4224 
3818 4225 
3819 4226 
3820 4227 
3821 4228 
3822 4229 
3823 4230 
3824 4231 
3825 4232 
3826 4233 
3827 4234 
3828 4235 
3829 4236 
3830 4237 
3831 4238 
3832 4239 
3833 4240 
3834 4241 
3835 4242 
3836 4243 
3837 4244 
3838 4245 
3839 4246 
3840 4247 
3841 4248 
3842 4249 
3843 4250 
3844 4251 
3845 4252 
3846 4253 
3847 4254 
3848 4255 
3849 4256 
3850 4258 
3851 4264 
3852 4266 
3853 4267 
3854 4268 
3855 4269 
3856 4270 
3857 4273 
3858 4274 
3859 4275 
3860 4276 
3861 4277 
3862 4278 
3863 4279 
3864 4280 
3865 4281 
3866 4282 
3867 4283 
3868 4284 
3869 4285 
3870 4286 
3871 4287 
3872 4288 
3873 4289 
3874 4290 
3875 4291 
3876 4292 
3877 4293 
3878 4294 
3879 4295 
3880 4296 
3881 4297 
3882 4298 
3883 4299 
3884 4300 
3885 4301 
3886 4302 
3887 4303 
3888 4304 
3889 4305 
3890 4306 
3891 4307 
3892 4308 
3893 4309 
3894 4310 
3895 4311 
3896 4312 
3897 4313 
3898 4314 
3899 4315 
3900 4316 
3901 4317 
3902 4318 
3903 4319 
3904 4320 
3905 4321 
3906 4322 
3907 4323 
3908 4325 
3909 4326 
3910 4327 
3911 4328 
3912 4329 
3913 4330 
3914 4331 
3915 4332 
3916 4333 
3917 4334 
3918 4335 
3919 4336 
3920 4337 
3921 4338 
3922 4339 
3923 4340 
3924 4341 
3925 4342 
3926 4343 
3927 4344 
3928 4345 
3929 4346 
3930 4347 
3931 4348 
3932 4349 
3933 4350 
3934 4351 
3935 4352 
3936 4353 
3937 4354 
3938 4355 
3939 4356 
3940 4357 
3941 4358 
3942 4359 
3943 4360 
3944 4361 
3945 4362 
3946 4363 
3947 4364 
3948 4365 
3949 4366 
3950 4367 
3951 4368 
3952 4369 
3953 4370 
3954 4371 
3955 4372 
3956 4373 
3957 4376 
3958 4377 
3959 4378 
3960 4379 
3961 4380 
3962 4381 
3963 4382 
3964 4383 
3965 4384 
3966 4385 
3967 4386 
3968 4387 
3969 4388 
3970 4389 
3971 4390 
3972 4391 
3973 4392 
3974 4393 
3975 4394 
3976 4395 
3977 4396 
3978 4397 
3979 4398 
3980 4399 
3981 4400 
3982 4401 
3983 4402 
3984 4403 
3985 4404 
3986 4405 
3987 4406 
3988 4407 
3989 4408 
3990 4409 
3991 4410 
3992 4411 
3993 4412 
3994 4413 
3995 4414 
3996 4415 
3997 4416 
3998 4417 
3999 4418 
4000 4419 
4001 4420 
4002 4421 
4003 4422 
4004 4423 
4005 4424 
4006 4425 
4007 4426 
4008 4427 
4009 4428 
4010 4429 
4011 4430 
4012 4431 
4013 4432 
4014 4433 
4015 4434 
4016 4435 
4017 4436 
4018 4437 
4019 4438 
4020 4439 
4021 4440 
4022 4441 
4023 4442 
4024 4443 
4025 4444 
4026 4445 
4027 4447 
4028 4448 
4029 4449 
4030 4452 
4031 4453 
4032 4454 
4033 4455 
4034 4456 
4035 4457 
4036 4458 
4037 4459 
4038 4460 
4039 4461 
4040 4466 
4041 4467 
4042 4468 
4043 4469 
4044 4470 
4045 4471 
4046 4472 
4047 4473 
4048 4474 
4049 4475 
4050 4476 
4051 4477 
4052 4478 
4053 4479 
4054 4480 
4055 4481 
4056 4482 
4057 4483 
4058 4484 
4059 4485 
4060 4486 
4061 4487 
4062 4488 
4063 4489 
4064 4490 
4065 4492 
4066 4493 
4067 4495 
4068 4496 
4069 4497 
4070 4498 
4071 4499 
4072 4500 
4073 4501 
4074 4502 
4075 4503 
4076 4504 
4077 4505 
4078 4506 
4079 4507 
4080 4508 
4081 4509 
4082 4510 
4083 4511 
4084 4512 
4085 4513 
4086 4514 
4087 4515 
4088 4516 
4089 4517 
4090 4518 
4091 4519 
4092 4522 
4093 4523 
4094 4524 
4095 4525 
4096 4526 
4097 4527 
4098 4528 
4099 4530 
4100 4531 
4101 4532 
4102 4533 
4103 4534 
4104 4535 
4105 4536 
4106 4537 
4107 4538 
4108 4539 
4109 4540 
4110 4541 
4111 4542 
4112 4543 
4113 4544 
4114 4545 
4115 4546 
4116 4547 
4117 4548 
4118 4549 
4119 4550 
4120 4551 
4121 4552 
4122 4553 
4123 4554 
4124 4555 
4125 4556 
4126 4557 
4127 4558 
4128 4559 
4129 4560 
4130 4561 
4131 4562 
4132 4563 
4133 4564 
4134 4565 
4135 4566 
4136 4567 
4137 4568 
4138 4569 
4139 4570 
4140 4571 
4141 4572 
4142 4573 
4143 4574 
4144 4575 
4145 4576 
4146 4580 
4147 4581 
4148 4582 
4149 4583 
4150 4584 
4151 4585 
4152 4586 
4153 4587 
4154 4588 
4155 4589 
4156 4591 
4157 4592 
4158 4593 
4159 4594 
4160 4595 
4161 4597 
4162 4598 
4163 4599 
4164 4600 
4165 4601 
4166 4602 
4167 4603 
4168 4604 
4169 4605 
4170 4606 
4171 4607 
4172 4608 
4173 4609 
4174 4610 
4175 4611 
4176 4612 
4177 4613 
4178 4614 
4179 4615 
4180 4616 
4181 4617 
4182 4618 
4183 4619 
4184 4620 
4185 4621 
4186 4622 
4187 4623 
4188 4624 
4189 4625 
4190 4626 
4191 4627 
4192 4628 
4193 4630 
4194 4631 
4195 4632 
4196 4633 
4197 4634 
4198 4635 
4199 4636 
4200 4637 
4201 4638 
4202 4639 
4203 4640 
4204 4641 
4205 4642 
4206 4643 
4207 4644 
4208 4645 
4209 4646 
4210 4647 
4211 4648 
4212 4651 
4213 4653 
4214 4654 
4215 4655 
4216 4656 
4217 4657 
4218 4658 
4219 4659 
4220 4660 
4221 4661 
4222 4662 
4223 4663 
4224 4664 
4225 4665 
4226 4666 
4227 4667 
4228 4668 
4229 4669 
4230 4670 
4231 4671 
4232 4672 
4233 4673 
4234 4674 
4235 4675 
4236 4676 
4237 4677 
4238 4678 
4239 4679 
4240 4680 
4241 4681 
4242 4682 
4243 4683 
4244 4684 
4245 4685 
4246 4686 
4247 4687 
4248 4688 
4249 4689 
4250 4690 
4251 4691 
4252 4693 
4253 4694 
4254 4695 
4255 4696 
4256 4697 
4257 4698 
4258 4699 
4259 4700 
4260 4701 
4261 4703 
4262 4704 
4263 4705 
4264 4706 
4265 4707 
4266 4708 
4267 4709 
4268 4710 
4269 4711 
4270 4712 
4271 4713 
4272 4714 
4273 4715 
4274 4716 
4275 4717 
4276 4718 
4277 4719 
4278 4720 
4279 4721 
4280 4722 
4281 4723 
4282 4724 
4283 4725 
4284 4726 
4285 4727 
4286 4728 
4287 4729 
4288 4730 
4289 4731 
4290 4732 
4291 4733 
4292 4734 
4293 4735 
4294 4736 
4295 4737 
4296 4738 
4297 4739 
4298 4740 
4299 4741 
4300 4742 
4301 4743 
4302 4744 
4303 4745 
4304 4746 
4305 4747 
4306 4748 
4307 4749 
4308 4750 
4309 4751 
4310 4752 
4311 4754 
4312 4755 
4313 4756 
4314 4757 
4315 4758 
4316 4759 
4317 4760 
4318 4761 
4319 4762 
4320 4763 
4321 4766 
4322 4767 
4323 4768 
4324 4769 
4325 4770 
4326 4771 
4327 4772 
4328 4773 
4329 4774 
4330 4775 
4331 4776 
4332 4777 
4333 4778 
4334 4779 
4335 4780 
4336 4781 
4337 4782 
4338 4783 
4339 4784 
4340 4785 
4341 4786 
4342 4787 
4343 4788 
4344 4789 
4345 4790 
4346 4791 
4347 4792 
4348 4793 
4349 4794 
4350 4796 
4351 4797 
4352 4798 
4353 4801 
4354 4802 
4355 4803 
4356 4805 
4357 4806 
4358 4807 
4359 4808 
4360 4809 
4361 4811 
4362 4812 
4363 4813 
4364 4814 
4365 4815 
4366 4816 
4367 4817 
4368 4818 
4369 4819 
4370 4820 
4371 4821 
4372 4822 
4373 4824 
4374 4828 
4375 4829 
4376 4830 
4377 4831 
4378 4832 
4379 4833 
4380 4834 
4381 4835 
4382 4838 
4383 4839 
4384 4840 
4385 4841 
4386 4842 
4387 4843 
4388 4844 
4389 4845 
4390 4846 
4391 4847 
4392 4848 
4393 4849 
4394 4850 
4395 4851 
4396 4852 
4397 4853 
4398 4854 
4399 4855 
4400 4856 
4401 4857 
4402 4858 
4403 4859 
4404 4860 
4405 4861 
4406 4862 
4407 4863 
4408 4864 
4409 4865 
4410 4866 
4411 4867 
4412 4868 
4413 4869 
4414 4870 
4415 4871 
4416 4872 
4417 4873 
4418 4874 
4419 4875 
4420 4876 
4421 4877 
4422 4878 
4423 4879 
4424 4880 
4425 4881 
4426 4882 
4427 4883 
4428 4884 
4429 4885 
4430 4886 
4431 4887 
4432 4888 
4433 4889 
4434 4890 
4435 4891 
4436 4892 
4437 4893 
4438 4894 
4439 4895 
4440 4896 
4441 4897 
4442 4898 
4443 4899 
4444 4900 
4445 4901 
4446 4902 
4447 4903 
4448 4904 
4449 4905 
4450 4908 
4451 4909 
4452 4910 
4453 4911 
4454 4912 
4455 4913 
4456 4914 
4457 4915 
4458 4917 
4459 4918 
4460 4919 
4461 4920 
4462 4922 
4463 4923 
4464 4924 
4465 4925 
4466 4926 
4467 4927 
4468 4928 
4469 4929 
4470 4930 
4471 4931 
4472 4932 
4473 4933 
4474 4934 
4475 4935 
4476 4936 
4477 4937 
4478 4938 
4479 4939 
4480 4940 
4481 4941 
4482 4942 
4483 4943 
4484 4944 
4485 4945 
4486 4946 
4487 4947 
4488 4948 
4489 4949 
4490 4950 
4491 4951 
4492 4952 
4493 4953 
4494 4954 
4495 4955 
4496 4956 
4497 4957 
4498 4958 
4499 4959 
4500 4960 
4501 4961 
4502 4962 
4503 4963 
4504 4964 
4505 4965 
4506 4966 
4507 4967 
4508 4968 
4509 4969 
4510 4970 
4511 4971 
4512 4972 
4513 4973 
4514 4974 
4515 4975 
4516 4976 
4517 4977 
4518 4978 
4519 4979 
4520 4980 
4521 4981 
4522 4982 
4523 4983 
4524 4984 
4525 4985 
4526 4986 
4527 4987 
4528 4988 
4529 4989 
4530 4990 
4531 4991 
4532 4992 
4533 4993 
4534 4996 
4535 4997 
4536 4998 
4537 4999 
4538 5000 
4539 5001 
4540 5002 
4541 5003 
4542 5004 
4543 5005 
4544 5006 
4545 5007 
4546 5008 
4547 5009 
4548 5010 
4549 5011 
4550 5012 
4551 5013 
4552 5014 
4553 5015 
4554 5016 
4555 5017 
4556 5018 
4557 5019 
4558 5020 
4559 5021 
4560 5022 
4561 5023 
4562 5024 
4563 5025 
4564 5026 
4565 5027 
4566 5028 
4567 5029 
4568 5030 
4569 5031 
4570 5032 
4571 5033 
4572 5034 
4573 5035 
4574 5036 
4575 5037 
4576 5038 
4577 5039 
4578 5040 
4579 5041 
4580 5042 
4581 5043 
4582 5045 
4583 5046 
4584 5047 
4585 5049 
4586 5050 
4587 5051 
4588 5052 
4589 5053 
4590 5054 
4591 5059 
4592 5060 
4593 5061 
4594 5062 
4595 5063 
4596 5064 
4597 5065 
4598 5066 
4599 5067 
4600 5068 
4601 5069 
4602 5070 
4603 5071 
4604 5072 
4605 5073 
4606 5074 
4607 5075 
4608 5076 
4609 5077 
4610 5078 
4611 5079 
4612 5080 
4613 5081 
4614 5082 
4615 5083 
4616 5084 
4617 5085 
4618 5086 
4619 5087 
4620 5088 
4621 5089 
4622 5090 
4623 5091 
4624 5092 
4625 5093 
4626 5094 
4627 5095 
4628 5096 
4629 5097 
4630 5098 
4631 5099 
4632 5100 
4633 5101 
4634 5102 
4635 5103 
4636 5104 
4637 5105 
4638 5106 
4639 5107 
4640 5108 
4641 5109 
4642 5110 
4643 5111 
4644 5112 
4645 5113 
4646 5114 
4647 5115 
4648 5116 
4649 5117 
4650 5119 
4651 5120 
4652 5121 
4653 5122 
4654 5123 
4655 5124 
4656 5125 
4657 5126 
4658 5127 
4659 5128 
4660 5129 
4661 5130 
4662 5131 
4663 5132 
4664 5133 
4665 5134 
4666 5135 
4667 5136 
4668 5137 
4669 5138 
4670 5139 
4671 5140 
4672 5141 
4673 5142 
4674 5143 
4675 5144 
4676 5145 
4677 5146 
4678 5147 
4679 5148 
4680 5149 
4681 5150 
4682 5151 
4683 5152 
4684 5153 
4685 5154 
4686 5155 
4687 5156 
4688 5158 
4689 5159 
4690 5160 
4691 5161 
4692 5162 
4693 5163 
4694 5164 
4695 5165 
4696 5166 
4697 5167 
4698 5168 
4699 5169 
4700 5170 
4701 5171 
4702 5172 
4703 5173 
4704 5174 
4705 5175 
4706 5176 
4707 5177 
4708 5178 
4709 5179 
4710 5180 
4711 5181 
4712 5182 
4713 5183 
4714 5184 
4715 5185 
4716 5186 
4717 5187 
4718 5188 
4719 5189 
4720 5190 
4721 5191 
4722 5192 
4723 5193 
4724 5194 
4725 5195 
4726 5196 
4727 5198 
4728 5199 
4729 5200 
4730 5201 
4731 5202 
4732 5203 
4733 5204 
4734 5205 
4735 5206 
4736 5207 
4737 5208 
4738 5209 
4739 5210 
4740 5211 
4741 5212 
4742 5213 
4743 5214 
4744 5215 
4745 5216 
4746 5217 
4747 5218 
4748 5219 
4749 5220 
4750 5221 
4751 5222 
4752 5223 
4753 5224 
4754 5225 
4755 5226 
4756 5227 
4757 5228 
4758 5229 
4759 5230 
4760 5231 
4761 5232 
4762 5233 
4763 5234 
4764 5235 
4765 5236 
4766 5237 
4767 5238 
4768 5239 
4769 5240 
4770 5241 
4771 5242 
4772 5243 
4773 5244 
4774 5245 
4775 5246 
4776 5247 
4777 5248 
4778 5249 
4779 5250 
4780 5251 
4781 5252 
4782 5253 
4783 5254 
4784 5255 
4785 5256 
4786 5257 
4787 5258 
4788 5259 
4789 5260 
4790 5261 
4791 5262 
4792 5263 
4793 5264 
4794 5265 
4795 5266 
4796 5267 
4797 5268 
4798 5269 
4799 5270 
4800 5271 
4801 5272 
4802 5273 
4803 5274 
4804 5275 
4805 5276 
4806 5277 
4807 5278 
4808 5279 
4809 5280 
4810 5281 
4811 5282 
4812 5283 
4813 5284 
4814 5285 
4815 5286 
4816 5287 
4817 5288 
4818 5289 
4819 5290 
4820 5291 
4821 5292 
4822 5293 
4823 5294 
4824 5295 
4825 5296 
4826 5297 
4827 5298 
4828 5299 
4829 5300 
4830 5301 
4831 5302 
4832 5303 
4833 5304 
4834 5305 
4835 5306 
4836 5307 
4837 5308 
4838 5309 
4839 5310 
4840 5311 
4841 5312 
4842 5313 
4843 5314 
4844 5315 
4845 5316 
4846 5317 
4847 5318 
4848 5319 
4849 5320 
4850 5321 
4851 5322 
4852 5323 
4853 5324 
4854 5325 
4855 5326 
4856 5327 
4857 5328 
4858 5329 
4859 5330 
4860 5331 
4861 5332 
4862 5333 
4863 5334 
4864 5335 
4865 5336 
4866 5337 
4867 5338 
4868 5339 
4869 5340 
4870 5341 
4871 5342 
4872 5343 
4873 5344 
4874 5345 
4875 5346 
4876 5347 
4877 5348 
4878 5349 
4879 5350 
4880 5351 
4881 5352 
4882 5353 
4883 5354 
4884 5355 
4885 5356 
4886 5357 
4887 5358 
4888 5359 
4889 5360 
4890 5361 
4891 5362 
4892 5363 
4893 5364 
4894 5365 
4895 5366 
4896 5367 
4897 5368 
4898 5369 
4899 5370 
4900 5371 
4901 5372 
4902 5373 
4903 5374 
4904 5375 
4905 5376 
4906 5377 
4907 5378 
4908 5379 
4909 5380 
4910 5381 
4911 5382 
4912 5383 
4913 5384 
4914 5385 
4915 5386 
4916 5387 
4917 5388 
4918 5389 
4919 5390 
4920 5391 
4921 5392 
4922 5393 
4923 5394 
4924 5395 
4925 5396 
4926 5397 
4927 5398 
4928 5399 
4929 5400 
4930 5401 
4931 5402 
4932 5403 
4933 5404 
4934 5405 
4935 5406 
4936 5407 
4937 5408 
4938 5409 
4939 5410 
4940 5411 
4941 5412 
4942 5413 
4943 5414 
4944 5415 
4945 5416 
4946 5417 
4947 5418 
4948 5419 
4949 5420 
4950 5421 
4951 5422 
4952 5424 
4953 5425 
4954 5426 
4955 5427 
4956 5428 
4957 5429 
4958 5430 
4959 5431 
4960 5432 
4961 5433 
4962 5434 
4963 5435 
4964 5436 
4965 5437 
4966 5438 
4967 5439 
4968 5440 
4969 5441 
4970 5442 
4971 5443 
4972 5444 
4973 5445 
4974 5446 
4975 5447 
4976 5448 
4977 5449 
4978 5450 
4979 5451 
4980 5452 
4981 5453 
4982 5454 
4983 5455 
4984 5456 
4985 5457 
4986 5458 
4987 5459 
4988 5460 
4989 5461 
4990 5462 
4991 5463 
4992 5464 
4993 5465 
4994 5466 
4995 5468 
4996 5469 
4997 5470 
4998 5471 
4999 5472 
5000 5473 
5001 5474 
5002 5475 
5003 5476 
5004 5477 
5005 5478 
5006 5479 
5007 5480 
5008 5481 
5009 5482 
5010 5483 
5011 5484 
5012 5485 
5013 5486 
5014 5487 
5015 5488 
5016 5489 
5017 5490 
5018 5491 
5019 5492 
5020 5493 
5021 5494 
5022 5495 
5023 5496 
5024 5497 
5025 5498 
5026 5499 
5027 5500 
5028 5501 
5029 5502 
5030 5503 
5031 5504 
5032 5505 
5033 5506 
5034 5507 
5035 5508 
5036 5509 
5037 5510 
5038 5511 
5039 5512 
5040 5513 
5041 5514 
5042 5515 
5043 5516 
5044 5517 
5045 5518 
5046 5519 
5047 5520 
5048 5521 
5049 5522 
5050 5523 
5051 5524 
5052 5525 
5053 5526 
5054 5527 
5055 5528 
5056 5529 
5057 5530 
5058 5531 
5059 5532 
5060 5533 
5061 5534 
5062 5535 
5063 5536 
5064 5537 
5065 5538 
5066 5539 
5067 5540 
5068 5541 
5069 5542 
5070 5543 
5071 5544 
5072 5545 
5073 5546 
5074 5547 
5075 5548 
5076 5549 
5077 5550 
5078 5551 
5079 5552 
5080 5553 
5081 5554 
5082 5555 
5083 5556 
5084 5557 
5085 5558 
5086 5559 
5087 5560 
5088 5561 
5089 5562 
5090 5563 
5091 5564 
5092 5565 
5093 5566 
5094 5567 
5095 5568 
5096 5569 
5097 5570 
5098 5571 
5099 5572 
5100 5573 
5101 5575 
5102 5576 
5103 5577 
5104 5578 
5105 5579 
5106 5580 
5107 5581 
5108 5582 
5109 5583 
5110 5584 
5111 5585 
5112 5586 
5113 5587 
5114 5588 
5115 5589 
5116 5590 
5117 5591 
5118 5592 
5119 5593 
5120 5594 
5121 5595 
5122 5596 
5123 5597 
5124 5598 
5125 5599 
5126 5600 
5127 5601 
5128 5602 
5129 5603 
5130 5604 
5131 5605 
5132 5606 
5133 5607 
5134 5608 
5135 5609 
5136 5610 
5137 5611 
5138 5612 
5139 5613 
5140 5614 
5141 5615 
5142 5616 
5143 5617 
5144 5618 
5145 5619 
5146 5620 
5147 5621 
5148 5622 
5149 5623 
5150 5624 
5151 5625 
5152 5626 
5153 5627 
5154 5628 
5155 5629 
5156 5630 
5157 5631 
5158 5632 
5159 5633 
5160 5634 
5161 5635 
5162 5636 
5163 5637 
5164 5638 
5165 5639 
5166 5640 
5167 5641 
5168 5642 
5169 5644 
5170 5645 
5171 5646 
5172 5647 
5173 5648 
5174 5649 
5175 5650 
5176 5651 
5177 5652 
5178 5653 
5179 5654 
5180 5655 
5181 5656 
5182 5658 
5183 5659 
5184 5660 
5185 5661 
5186 5662 
5187 5663 
5188 5664 
5189 5665 
5190 5666 
5191 5667 
5192 5668 
5193 5669 
5194 5670 
5195 5671 
5196 5672 
5197 5673 
5198 5674 
5199 5675 
5200 5676 
5201 5677 
5202 5678 
5203 5679 
5204 5680 
5205 5681 
5206 5682 
5207 5683 
5208 5684 
5209 5685 
5210 5686 
5211 5687 
5212 5688 
5213 5689 
5214 5690 
5215 5691 
5216 5692 
5217 5693 
5218 5695 
5219 5696 
5220 5697 
5221 5698 
5222 5699 
5223 5700 
5224 5701 
5225 5702 
5226 5703 
5227 5704 
5228 5705 
5229 5706 
5230 5707 
5231 5708 
5232 5710 
5233 5711 
5234 5712 
5235 5713 
5236 5714 
5237 5715 
5238 5716 
5239 5717 
5240 5718 
5241 5719 
5242 5720 
5243 5721 
5244 5722 
5245 5723 
5246 5724 
5247 5725 
5248 5726 
5249 5727 
5250 5728 
5251 5729 
5252 5730 
5253 5731 
5254 5732 
5255 5733 
5256 5734 
5257 5735 
5258 5736 
5259 5737 
5260 5738 
5261 5739 
5262 5740 
5263 5741 
5264 5742 
5265 5743 
5266 5744 
5267 5745 
5268 5746 
5269 5747 
5270 5748 
5271 5749 
5272 5750 
5273 5751 
5274 5752 
5275 5753 
5276 5754 
5277 5755 
5278 5756 
5279 5757 
5280 5758 
5281 5759 
5282 5760 
5283 5761 
5284 5762 
5285 5763 
5286 5764 
5287 5765 
5288 5766 
5289 5767 
5290 5768 
5291 5769 
5292 5770 
5293 5771 
5294 5772 
5295 5773 
5296 5774 
5297 5775 
5298 5776 
5299 5777 
5300 5778 
5301 5779 
5302 5780 
5303 5781 
5304 5782 
5305 5783 
5306 5784 
5307 5785 
5308 5786 
5309 5787 
5310 5788 
5311 5789 
5312 5790 
5313 5791 
5314 5792 
5315 5793 
5316 5794 
5317 5795 
5318 5796 
5319 5797 
5320 5799 
5321 5800 
5322 5801 
5323 5802 
5324 5803 
5325 5804 
5326 5805 
5327 5807 
5328 5808 
5329 5809 
5330 5810 
5331 5811 
5332 5812 
5333 5813 
5334 5814 
5335 5815 
5336 5816 
5337 5817 
5338 5818 
5339 5819 
5340 5820 
5341 5821 
5342 5822 
5343 5823 
5344 5824 
5345 5825 
5346 5826 
5347 5827 
5348 5828 
5349 5829 
5350 5830 
5351 5831 
5352 5832 
5353 5833 
5354 5834 
5355 5835 
5356 5836 
5357 5837 
5358 5838 
5359 5839 
5360 5840 
5361 5841 
5362 5842 
5363 5844 
5364 5845 
5365 5846 
5366 5847 
5367 5848 
5368 5849 
5369 5850 
5370 5851 
5371 5852 
5372 5853 
5373 5855 
5374 5856 
5375 5857 
5376 5859 
5377 5860 
5378 5861 
5379 5863 
5380 5865 
5381 5866 
5382 5867 
5383 5868 
5384 5869 
5385 5870 
5386 5871 
5387 5873 
5388 5874 
5389 5875 
5390 5876 
5391 5877 
5392 5878 
5393 5879 
5394 5880 
5395 5881 
5396 5882 
5397 5883 
5398 5884 
5399 5885 
5400 5886 
5401 5887 
5402 5888 
5403 5889 
5404 5890 
5405 5891 
5406 5892 
5407 5893 
5408 5894 
5409 5895 
5410 5896 
5411 5897 
5412 5898 
5413 5899 
5414 5900 
5415 5901 
5416 5902 
5417 5903 
5418 5904 
5419 5905 
5420 5906 
5421 5907 
5422 5908 
5423 5909 
5424 5910 
5425 5911 
5426 5912 
5427 5913 
5428 5914 
5429 5915 
5430 5916 
5431 5917 
5432 5918 
5433 5919 
5434 5920 
5435 5921 
5436 5922 
5437 5923 
5438 5924 
5439 5925 
5440 5926 
5441 5927 
5442 5928 
5443 5929 
5444 5930 
5445 5931 
5446 5932 
5447 5933 
5448 5934 
5449 5935 
5450 5936 
5451 5937 
5452 5938 
5453 5939 
5454 5940 
5455 5941 
5456 5942 
5457 5943 
5458 5944 
5459 5945 
5460 5946 
5461 5947 
5462 5948 
5463 5949 
5464 5950 
5465 5951 
5466 5952 
5467 5953 
5468 5954 
5469 5955 
5470 5956 
5471 5957 
5472 5958 
5473 5959 
5474 5960 
5475 5961 
5476 5962 
5477 5963 
5478 5965 
5479 5966 
5480 5967 
5481 5968 
5482 5969 
5483 5970 
5484 5971 
5485 5972 
5486 5973 
5487 5974 
5488 5975 
5489 5976 
5490 5978 
5491 5979 
5492 5980 
5493 5981 
5494 5982 
5495 5983 
5496 5984 
5497 5985 
5498 5986 
5499 5987 
5500 5988 
5501 5989 
5502 5990 
5503 5991 
5504 5992 
5505 5993 
5506 5994 
5507 5995 
5508 5996 
5509 5997 
5510 5998 
5511 5999 
5512 6000 
5513 6001 
5514 6002 
5515 6003 
5516 6004 
5517 6005 
5518 6006 
5519 6007 
5520 6008 
5521 6009 
5522 6010 
5523 6011 
5524 6012 
5525 6013 
5526 6014 
5527 6015 
5528 6016 
5529 6017 
5530 6018 
5531 6019 
5532 6020 
5533 6021 
5534 6022 
5535 6023 
5536 6024 
5537 6025 
5538 6026 
5539 6027 
5540 6028 
5541 6029 
5542 6030 
5543 6031 
5544 6032 
5545 6033 
5546 6034 
5547 6035 
5548 6036 
5549 6037 
5550 6038 
5551 6039 
5552 6040 
5553 6041 
5554 6042 
5555 6043 
5556 6044 
5557 6045 
5558 6047 
5559 6048 
5560 6049 
5561 6050 
5562 6051 
5563 6052 
5564 6053 
5565 6054 
5566 6055 
5567 6064 
5568 6067 
5569 6068 
5570 6070 
5571 6071 
5572 6072 
5573 6073 
5574 6074 
5575 6075 
5576 6076 
5577 6077 
5578 6078 
5579 6079 
5580 6080 
5581 6081 
5582 6082 
5583 6083 
5584 6084 
5585 6085 
5586 6086 
5587 6087 
5588 6088 
5589 6089 
5590 6091 
5591 6092 
5592 6093 
5593 6094 
5594 6095 
5595 6096 
5596 6097 
5597 6098 
5598 6099 
5599 6100 
5600 6101 
5601 6102 
5602 6103 
5603 6104 
5604 6105 
5605 6106 
5606 6107 
5607 6108 
5608 6109 
5609 6110 
5610 6111 
5611 6112 
5612 6113 
5613 6114 
5614 6115 
5615 6116 
5616 6117 
5617 6119 
5618 6120 
5619 6121 
5620 6122 
5621 6123 
5622 6124 
5623 6125 
5624 6126 
5625 6127 
5626 6128 
5627 6129 
5628 6130 
5629 6131 
5630 6132 
5631 6133 
5632 6134 
5633 6135 
5634 6136 
5635 6137 
5636 6138 
5637 6139 
5638 6140 
5639 6141 
5640 6142 
5641 6143 
5642 6144 
5643 6145 
5644 6146 
5645 6147 
5646 6154 
5647 6155 
5648 6156 
5649 6157 
5650 6158 
5651 6159 
5652 6160 
5653 6161 
5654 6162 
5655 6163 
5656 6164 
5657 6165 
5658 6166 
5659 6167 
5660 6168 
5661 6169 
5662 6170 
5663 6171 
5664 6172 
5665 6173 
5666 6174 
5667 6175 
5668 6176 
5669 6177 
5670 6178 
5671 6179 
5672 6180 
5673 6181 
5674 6182 
5675 6183 
5676 6184 
5677 6185 
5678 6186 
5679 6187 
5680 6188 
5681 6189 
5682 6190 
5683 6191 
5684 6192 
5685 6195 
5686 6196 
5687 6197 
5688 6198 
5689 6199 
5690 6200 
5691 6201 
5692 6202 
5693 6203 
5694 6204 
5695 6205 
5696 6206 
5697 6207 
5698 6208 
5699 6210 
5700 6211 
5701 6212 
5702 6213 
5703 6214 
5704 6215 
5705 6216 
5706 6217 
5707 6218 
5708 6219 
5709 6220 
5710 6221 
5711 6222 
5712 6223 
5713 6226 
5714 6227 
5715 6229 
5716 6235 
5717 6236 
5718 6237 
5719 6238 
5720 6239 
5721 6240 
5722 6241 
5723 6242 
5724 6243 
5725 6244 
5726 6245 
5727 6246 
5728 6247 
5729 6250 
5730 6251 
5731 6252 
5732 6253 
5733 6254 
5734 6255 
5735 6256 
5736 6257 
5737 6258 
5738 6259 
5739 6260 
5740 6261 
5741 6262 
5742 6263 
5743 6264 
5744 6265 
5745 6266 
5746 6267 
5747 6268 
5748 6269 
5749 6270 
5750 6271 
5751 6272 
5752 6273 
5753 6275 
5754 6277 
5755 6278 
5756 6279 
5757 6280 
5758 6281 
5759 6282 
5760 6284 
5761 6285 
5762 6286 
5763 6287 
5764 6288 
5765 6289 
5766 6290 
5767 6291 
5768 6292 
5769 6293 
5770 6294 
5771 6295 
5772 6296 
5773 6297 
5774 6298 
5775 6299 
5776 6300 
5777 6301 
5778 6302 
5779 6304 
5780 6305 
5781 6306 
5782 6307 
5783 6308 
5784 6309 
5785 6310 
5786 6311 
5787 6312 
5788 6313 
5789 6314 
5790 6317 
5791 6318 
5792 6319 
5793 6320 
5794 6321 
5795 6322 
5796 6323 
5797 6324 
5798 6325 
5799 6326 
5800 6327 
5801 6328 
5802 6329 
5803 6330 
5804 6331 
5805 6332 
5806 6333 
5807 6334 
5808 6335 
5809 6336 
5810 6337 
5811 6338 
5812 6339 
5813 6340 
5814 6341 
5815 6342 
5816 6343 
5817 6344 
5818 6345 
5819 6346 
5820 6347 
5821 6348 
5822 6349 
5823 6350 
5824 6351 
5825 6352 
5826 6353 
5827 6354 
5828 6355 
5829 6356 
5830 6357 
5831 6358 
5832 6359 
5833 6360 
5834 6361 
5835 6362 
5836 6363 
5837 6364 
5838 6365 
5839 6366 
5840 6367 
5841 6368 
5842 6369 
5843 6370 
5844 6375 
5845 6376 
5846 6377 
5847 6378 
5848 6379 
5849 6380 
5850 6381 
5851 6382 
5852 6384 
5853 6386 
5854 6387 
5855 6388 
5856 6389 
5857 6390 
5858 6391 
5859 6392 
5860 6393 
5861 6394 
5862 6395 
5863 6396 
5864 6399 
5865 6400 
5866 6402 
5867 6403 
5868 6404 
5869 6405 
5870 6406 
5871 6407 
5872 6408 
5873 6409 
5874 6410 
5875 6411 
5876 6412 
5877 6413 
5878 6414 
5879 6415 
5880 6416 
5881 6417 
5882 6418 
5883 6419 
5884 6420 
5885 6421 
5886 6422 
5887 6423 
5888 6424 
5889 6425 
5890 6426 
5891 6427 
5892 6428 
5893 6429 
5894 6430 
5895 6431 
5896 6432 
5897 6433 
5898 6434 
5899 6436 
5900 6437 
5901 6438 
5902 6439 
5903 6440 
5904 6441 
5905 6442 
5906 6443 
5907 6444 
5908 6445 
5909 6446 
5910 6447 
5911 6448 
5912 6449 
5913 6450 
5914 6451 
5915 6452 
5916 6453 
5917 6454 
5918 6455 
5919 6456 
5920 6457 
5921 6458 
5922 6459 
5923 6462 
5924 6463 
5925 6464 
5926 6465 
5927 6466 
5928 6467 
5929 6468 
5930 6469 
5931 6470 
5932 6471 
5933 6472 
5934 6473 
5935 6474 
5936 6475 
5937 6476 
5938 6477 
5939 6478 
5940 6479 
5941 6480 
5942 6481 
5943 6482 
5944 6483 
5945 6484 
5946 6485 
5947 6486 
5948 6487 
5949 6488 
5950 6489 
5951 6490 
5952 6491 
5953 6492 
5954 6493 
5955 6494 
5956 6495 
5957 6496 
5958 6497 
5959 6498 
5960 6499 
5961 6500 
5962 6501 
5963 6502 
5964 6503 
5965 6504 
5966 6505 
5967 6506 
5968 6510 
5969 6511 
5970 6512 
5971 6513 
5972 6514 
5973 6515 
5974 6516 
5975 6517 
5976 6518 
5977 6519 
5978 6520 
5979 6521 
5980 6522 
5981 6523 
5982 6524 
5983 6525 
5984 6526 
5985 6527 
5986 6528 
5987 6529 
5988 6530 
5989 6531 
5990 6532 
5991 6533 
5992 6534 
5993 6535 
5994 6536 
5995 6537 
5996 6538 
5997 6539 
5998 6540 
5999 6541 
6000 6542 
6001 6543 
6002 6544 
6003 6545 
6004 6546 
6005 6547 
6006 6548 
6007 6549 
6008 6550 
6009 6551 
6010 6552 
6011 6553 
6012 6554 
6013 6555 
6014 6556 
6015 6557 
6016 6558 
6017 6559 
6018 6560 
6019 6562 
6020 6563 
6021 6564 
6022 6565 
6023 6566 
6024 6567 
6025 6568 
6026 6570 
6027 6571 
6028 6572 
6029 6573 
6030 6574 
6031 6575 
6032 6576 
6033 6577 
6034 6578 
6035 6579 
6036 6580 
6037 6581 
6038 6582 
6039 6583 
6040 6584 
6041 6585 
6042 6586 
6043 6587 
6044 6588 
6045 6589 
6046 6590 
6047 6591 
6048 6592 
6049 6593 
6050 6594 
6051 6595 
6052 6596 
6053 6597 
6054 6598 
6055 6599 
6056 6600 
6057 6601 
6058 6602 
6059 6603 
6060 6604 
6061 6605 
6062 6606 
6063 6607 
6064 6608 
6065 6609 
6066 6610 
6067 6611 
6068 6612 
6069 6613 
6070 6614 
6071 6615 
6072 6616 
6073 6617 
6074 6618 
6075 6619 
6076 6620 
6077 6621 
6078 6622 
6079 6623 
6080 6624 
6081 6625 
6082 6626 
6083 6627 
6084 6628 
6085 6629 
6086 6630 
6087 6631 
6088 6632 
6089 6633 
6090 6634 
6091 6635 
6092 6636 
6093 6637 
6094 6638 
6095 6639 
6096 6640 
6097 6641 
6098 6643 
6099 6644 
6100 6645 
6101 6646 
6102 6647 
6103 6648 
6104 6649 
6105 6650 
6106 6651 
6107 6652 
6108 6653 
6109 6654 
6110 6655 
6111 6656 
6112 6657 
6113 6658 
6114 6659 
6115 6660 
6116 6661 
6117 6662 
6118 6663 
6119 6664 
6120 6665 
6121 6666 
6122 6667 
6123 6668 
6124 6669 
6125 6670 
6126 6671 
6127 6672 
6128 6673 
6129 6674 
6130 6675 
6131 6676 
6132 6677 
6133 6678 
6134 6679 
6135 6680 
6136 6681 
6137 6687 
6138 6693 
6139 6694 
6140 6695 
6141 6696 
6142 6697 
6143 6698 
6144 6699 
6145 6700 
6146 6701 
6147 6702 
6148 6703 
6149 6704 
6150 6705 
6151 6706 
6152 6707 
6153 6708 
6154 6709 
6155 6710 
6156 6711 
6157 6712 
6158 6713 
6159 6714 
6160 6715 
6161 6716 
6162 6717 
6163 6718 
6164 6719 
6165 6720 
6166 6721 
6167 6722 
6168 6723 
6169 6724 
6170 6725 
6171 6726 
6172 6727 
6173 6728 
6174 6729 
6175 6730 
6176 6731 
6177 6732 
6178 6733 
6179 6734 
6180 6735 
6181 6736 
6182 6737 
6183 6738 
6184 6739 
6185 6740 
6186 6741 
6187 6742 
6188 6743 
6189 6744 
6190 6745 
6191 6746 
6192 6747 
6193 6748 
6194 6749 
6195 6750 
6196 6751 
6197 6752 
6198 6753 
6199 6754 
6200 6755 
6201 6756 
6202 6757 
6203 6758 
6204 6759 
6205 6760 
6206 6761 
6207 6762 
6208 6763 
6209 6764 
6210 6765 
6211 6766 
6212 6767 
6213 6768 
6214 6769 
6215 6771 
6216 6772 
6217 6773 
6218 6774 
6219 6775 
6220 6776 
6221 6777 
6222 6778 
6223 6779 
6224 6780 
6225 6781 
6226 6782 
6227 6783 
6228 6784 
6229 6785 
6230 6786 
6231 6787 
6232 6788 
6233 6789 
6234 6790 
6235 6791 
6236 6792 
6237 6793 
6238 6794 
6239 6795 
6240 6796 
6241 6797 
6242 6799 
6243 6800 
6244 6801 
6245 6802 
6246 6803 
6247 6804 
6248 6805 
6249 6806 
6250 6807 
6251 6808 
6252 6809 
6253 6810 
6254 6811 
6255 6812 
6256 6813 
6257 6814 
6258 6815 
6259 6816 
6260 6817 
6261 6818 
6262 6822 
6263 6824 
6264 6825 
6265 6826 
6266 6827 
6267 6828 
6268 6829 
6269 6830 
6270 6831 
6271 6832 
6272 6833 
6273 6834 
6274 6835 
6275 6836 
6276 6837 
6277 6838 
6278 6839 
6279 6840 
6280 6841 
6281 6842 
6282 6843 
6283 6844 
6284 6845 
6285 6846 
6286 6847 
6287 6848 
6288 6849 
6289 6850 
6290 6851 
6291 6852 
6292 6853 
6293 6854 
6294 6855 
6295 6856 
6296 6857 
6297 6858 
6298 6859 
6299 6860 
6300 6861 
6301 6862 
6302 6863 
6303 6864 
6304 6865 
6305 6866 
6306 6867 
6307 6868 
6308 6869 
6309 6870 
6310 6871 
6311 6872 
6312 6873 
6313 6874 
6314 6875 
6315 6876 
6316 6877 
6317 6878 
6318 6879 
6319 6880 
6320 6881 
6321 6882 
6322 6883 
6323 6884 
6324 6885 
6325 6886 
6326 6887 
6327 6888 
6328 6889 
6329 6890 
6330 6891 
6331 6892 
6332 6893 
6333 6894 
6334 6895 
6335 6896 
6336 6897 
6337 6898 
6338 6900 
6339 6902 
6340 6903 
6341 6904 
6342 6905 
6343 6906 
6344 6907 
6345 6908 
6346 6909 
6347 6910 
6348 6911 
6349 6912 
6350 6913 
6351 6914 
6352 6915 
6353 6916 
6354 6917 
6355 6918 
6356 6919 
6357 6920 
6358 6921 
6359 6923 
6360 6924 
6361 6925 
6362 6926 
6363 6927 
6364 6928 
6365 6929 
6366 6930 
6367 6931 
6368 6932 
6369 6933 
6370 6934 
6371 6935 
6372 6936 
6373 6937 
6374 6938 
6375 6939 
6376 6940 
6377 6941 
6378 6942 
6379 6943 
6380 6944 
6381 6945 
6382 6946 
6383 6947 
6384 6948 
6385 6949 
6386 6950 
6387 6951 
6388 6952 
6389 6953 
6390 6954 
6391 6955 
6392 6956 
6393 6957 
6394 6958 
6395 6959 
6396 6960 
6397 6961 
6398 6962 
6399 6963 
6400 6965 
6401 6966 
6402 6967 
6403 6968 
6404 6969 
6405 6970 
6406 6971 
6407 6972 
6408 6973 
6409 6974 
6410 6975 
6411 6976 
6412 6977 
6413 6978 
6414 6979 
6415 6980 
6416 6981 
6417 6982 
6418 6983 
6419 6984 
6420 6985 
6421 6986 
6422 6987 
6423 6988 
6424 6989 
6425 6990 
6426 6991 
6427 6992 
6428 6993 
6429 6994 
6430 6995 
6431 6996 
6432 6997 
6433 6998 
6434 6999 
6435 7000 
6436 7001 
6437 7002 
6438 7004 
6439 7005 
6440 7006 
6441 7007 
6442 7008 
6443 7009 
6444 7010 
6445 7011 
6446 7012 
6447 7013 
6448 7014 
6449 7015 
6450 7016 
6451 7017 
6452 7018 
6453 7019 
6454 7020 
6455 7021 
6456 7022 
6457 7024 
6458 7025 
6459 7026 
6460 7027 
6461 7028 
6462 7029 
6463 7030 
6464 7031 
6465 7032 
6466 7033 
6467 7034 
6468 7035 
6469 7036 
6470 7037 
6471 7038 
6472 7039 
6473 7040 
6474 7041 
6475 7042 
6476 7043 
6477 7044 
6478 7045 
6479 7046 
6480 7047 
6481 7048 
6482 7049 
6483 7050 
6484 7051 
6485 7052 
6486 7053 
6487 7054 
6488 7055 
6489 7056 
6490 7057 
6491 7058 
6492 7059 
6493 7060 
6494 7061 
6495 7062 
6496 7063 
6497 7064 
6498 7065 
6499 7066 
6500 7067 
6501 7068 
6502 7069 
6503 7070 
6504 7071 
6505 7072 
6506 7073 
6507 7074 
6508 7075 
6509 7076 
6510 7077 
6511 7078 
6512 7079 
6513 7080 
6514 7082 
6515 7083 
6516 7085 
6517 7086 
6518 7087 
6519 7088 
6520 7089 
6521 7090 
6522 7091 
6523 7092 
6524 7093 
6525 7094 
6526 7095 
6527 7096 
6528 7097 
6529 7098 
6530 7099 
6531 7100 
6532 7101 
6533 7102 
6534 7103 
6535 7104 
6536 7105 
6537 7106 
6538 7107 
6539 7108 
6540 7109 
6541 7110 
6542 7112 
6543 7113 
6544 7114 
6545 7116 
6546 7117 
6547 7118 
6548 7119 
6549 7120 
6550 7121 
6551 7122 
6552 7123 
6553 7124 
6554 7125 
6555 7126 
6556 7127 
6557 7128 
6558 7129 
6559 7130 
6560 7131 
6561 7133 
6562 7134 
6563 7135 
6564 7136 
6565 7137 
6566 7138 
6567 7139 
6568 7140 
6569 7141 
6570 7144 
6571 7145 
6572 7146 
6573 7147 
6574 7148 
6575 7149 
6576 7150 
6577 7151 
6578 7152 
6579 7153 
6580 7154 
6581 7155 
6582 7156 
6583 7157 
6584 7158 
6585 7159 
6586 7160 
6587 7161 
6588 7162 
6589 7163 
6590 7164 
6591 7165 
6592 7166 
6593 7167 
6594 7168 
6595 7170 
6596 7171 
6597 7172 
6598 7173 
6599 7174 
6600 7175 
6601 7176 
6602 7177 
6603 7178 
6604 7179 
6605 7180 
6606 7181 
6607 7182 
6608 7183 
6609 7184 
6610 7185 
6611 7186 
6612 7187 
6613 7188 
6614 7189 
6615 7190 
6616 7191 
6617 7192 
6618 7193 
6619 7194 
6620 7195 
6621 7196 
6622 7197 
6623 7199 
6624 7202 
6625 7204 
6626 7205 
6627 7206 
6628 7207 
6629 7208 
6630 7210 
6631 7211 
6632 7212 
6633 7213 
6634 7215 
6635 7216 
6636 7217 
6637 7219 
6638 7220 
6639 7221 
6640 7222 
6641 7224 
6642 7225 
6643 7226 
6644 7227 
6645 7228 
6646 7229 
6647 7230 
6648 7231 
6649 7232 
6650 7233 
6651 7234 
6652 7235 
6653 7236 
6654 7237 
6655 7239 
6656 7240 
6657 7241 
6658 7242 
6659 7243 
6660 7244 
6661 7245 
6662 7246 
6663 7247 
6664 7248 
6665 7249 
6666 7250 
6667 7251 
6668 7252 
6669 7253 
6670 7254 
6671 7255 
6672 7256 
6673 7257 
6674 7259 
6675 7260 
6676 7261 
6677 7262 
6678 7263 
6679 7264 
6680 7265 
6681 7266 
6682 7267 
6683 7268 
6684 7269 
6685 7270 
6686 7271 
6687 7272 
6688 7273 
6689 7274 
6690 7275 
6691 7276 
6692 7277 
6693 7278 
6694 7279 
6695 7280 
6696 7281 
6697 7282 
6698 7283 
6699 7284 
6700 7286 
6701 7287 
6702 7288 
6703 7289 
6704 7290 
6705 7291 
6706 7292 
6707 7293 
6708 7294 
6709 7295 
6710 7296 
6711 7297 
6712 7298 
6713 7299 
6714 7300 
6715 7301 
6716 7302 
6717 7303 
6718 7304 
6719 7305 
6720 7306 
6721 7307 
6722 7308 
6723 7309 
6724 7310 
6725 7311 
6726 7312 
6727 7313 
6728 7314 
6729 7315 
6730 7316 
6731 7317 
6732 7318 
6733 7319 
6734 7320 
6735 7321 
6736 7322 
6737 7323 
6738 7324 
6739 7325 
6740 7326 
6741 7327 
6742 7328 
6743 7329 
6744 7330 
6745 7331 
6746 7332 
6747 7333 
6748 7334 
6749 7335 
6750 7336 
6751 7337 
6752 7338 
6753 7339 
6754 7340 
6755 7341 
6756 7342 
6757 7343 
6758 7344 
6759 7345 
6760 7346 
6761 7347 
6762 7348 
6763 7349 
6764 7350 
6765 7351 
6766 7352 
6767 7353 
6768 7354 
6769 7355 
6770 7356 
6771 7357 
6772 7358 
6773 7359 
6774 7360 
6775 7361 
6776 7362 
6777 7363 
6778 7364 
6779 7366 
6780 7367 
6781 7370 
6782 7371 
6783 7372 
6784 7373 
6785 7374 
6786 7375 
6787 7376 
6788 7377 
6789 7378 
6790 7379 
6791 7380 
6792 7381 
6793 7382 
6794 7383 
6795 7384 
6796 7385 
6797 7386 
6798 7387 
6799 7388 
6800 7389 
6801 7390 
6802 7391 
6803 7392 
6804 7393 
6805 7395 
6806 7396 
6807 7397 
6808 7400 
6809 7401 
6810 7402 
6811 7403 
6812 7404 
6813 7405 
6814 7406 
6815 7407 
6816 7408 
6817 7409 
6818 7410 
6819 7411 
6820 7413 
6821 7414 
6822 7415 
6823 7416 
6824 7418 
6825 7419 
6826 7421 
6827 7422 
6828 7423 
6829 7424 
6830 7425 
6831 7426 
6832 7427 
6833 7428 
6834 7429 
6835 7430 
6836 7431 
6837 7432 
6838 7433 
6839 7434 
6840 7435 
6841 7436 
6842 7437 
6843 7438 
6844 7439 
6845 7440 
6846 7441 
6847 7442 
6848 7443 
6849 7444 
6850 7445 
6851 7446 
6852 7447 
6853 7448 
6854 7449 
6855 7450 
6856 7451 
6857 7452 
6858 7453 
6859 7454 
6860 7455 
6861 7456 
6862 7457 
6863 7458 
6864 7459 
6865 7460 
6866 7461 
6867 7463 
6868 7464 
6869 7465 
6870 7466 
6871 7467 
6872 7468 
6873 7469 
6874 7470 
6875 7471 
6876 7472 
6877 7473 
6878 7474 
6879 7475 
6880 7476 
6881 7478 
6882 7479 
6883 7480 
6884 7481 
6885 7482 
6886 7483 
6887 7484 
6888 7485 
6889 7486 
6890 7487 
6891 7488 
6892 7489 
6893 7490 
6894 7491 
6895 7492 
6896 7493 
6897 7494 
6898 7496 
6899 7497 
6900 7498 
6901 7499 
6902 7500 
6903 7501 
6904 7502 
6905 7503 
6906 7504 
6907 7505 
6908 7506 
6909 7507 
6910 7508 
6911 7509 
6912 7510 
6913 7511 
6914 7512 
6915 7513 
6916 7514 
6917 7515 
6918 7516 
6919 7517 
6920 7518 
6921 7519 
6922 7520 
6923 7521 
6924 7522 
6925 7523 
6926 7524 
6927 7525 
6928 7526 
6929 7527 
6930 7529 
6931 7530 
6932 7531 
6933 7532 
6934 7533 
6935 7534 
6936 7535 
6937 7536 
6938 7537 
6939 7538 
6940 7539 
6941 7540 
6942 7542 
6943 7543 
6944 7544 
6945 7545 
6946 7546 
6947 7547 
6948 7548 
6949 7549 
6950 7550 
6951 7551 
6952 7552 
6953 7553 
6954 7555 
6955 7556 
6956 7558 
6957 7559 
6958 7560 
6959 7561 
6960 7562 
6961 7563 
6962 7564 
6963 7565 
6964 7566 
6965 7567 
6966 7568 
6967 7569 
6968 7570 
6969 7571 
6970 7572 
6971 7573 
6972 7575 
6973 7576 
6974 7580 
6975 7581 
6976 7582 
6977 7583 
6978 7584 
6979 7585 
6980 7586 
6981 7587 
6982 7588 
6983 7589 
6984 7590 
6985 7593 
6986 7608 
6987 7609 
6988 7611 
6989 7612 
6990 7616 
6991 7617 
6992 7618 
6993 7619 
6994 7620 
6995 7621 
6996 7622 
6997 7623 
6998 7624 
6999 7625 
7000 7626 
7001 7627 
7002 7628 
7003 7629 
7004 7630 
7005 7631 
7006 7632 
7007 7634 
7008 7635 
7009 7636 
7010 7642 
7011 7643 
7012 7644 
7013 7645 
7014 7646 
7015 7647 
7016 7656 
7017 7658 
7018 7662 
7019 7663 
7020 7664 
7021 7665 
7022 7666 
7023 7667 
7024 7668 
7025 7669 
7026 7670 
7027 7671 
7028 7672 
7029 7673 
7030 7675 
7031 7676 
7032 7677 
7033 7678 
7034 7679 
7035 7680 
7036 7681 
7037 7682 
7038 7683 
7039 7684 
7040 7685 
7041 7686 
7042 7687 
7043 7688 
7044 7689 
7045 7690 
7046 7691 
7047 7692 
7048 7693 
7049 7694 
7050 7695 
7051 7696 
7052 7697 
7053 7698 
7054 7699 
7055 7706 
7056 7707 
7057 7708 
7058 7709 
7059 7710 
7060 7711 
7061 7712 
7062 7713 
7063 7715 
7064 7716 
7065 7717 
7066 7718 
7067 7719 
7068 7720 
7069 7721 
7070 7723 
7071 7727 
7072 7728 
7073 7729 
7074 7730 
7075 7731 
7076 7732 
7077 7733 
7078 7736 
7079 7737 
7080 7738 
7081 7739 
7082 7740 
7083 7744 
7084 7745 
7085 7746 
7086 7747 
7087 7748 
7088 7749 
7089 7750 
7090 7752 
7091 7753 
7092 7754 
7093 7755 
7094 7756 
7095 7758 
7096 7765 
7097 7766 
7098 7768 
7099 7771 
7100 7772 
7101 7773 
7102 7775 
7103 7776 
7104 7777 
7105 7778 
7106 7779 
7107 7780 
7108 7781 
7109 7782 
7110 7783 
7111 7787 
7112 7788 
7113 7789 
7114 7790 
7115 7791 
7116 7792 
7117 7793 
7118 7794 
7119 7795 
7120 7798 
7121 7799 
7122 7802 
7123 7803 
7124 7804 
7125 7805 
7126 7806 
7127 7807 
7128 7808 
7129 7809 
7130 7811 
7131 7812 
7132 7813 
7133 7814 
7134 7815 
7135 7816 
7136 7817 
7137 7818 
7138 7819 
7139 7820 
7140 7825 
7141 7826 
7142 7827 
7143 7828 
7144 7829 
7145 7830 
7146 7831 
7147 7832 
7148 7833 
7149 7834 
7150 7835 
7151 7836 
7152 7837 
7153 7840 
7154 7841 
7155 7842 
7156 7843 
7157 7844 
7158 7845 
7159 7846 
7160 7847 
7161 7848 
7162 7851 
7163 7852 
7164 7853 
7165 7854 
7166 7855 
7167 7856 
7168 7857 
7169 7858 
7170 7859 
7171 7860 
7172 7861 
7173 7871 
7174 7872 
7175 7873 
7176 7874 
7177 7875 
7178 7876 
7179 7877 
7180 7878 
7181 7879 
7182 7880 
7183 7881 
7184 7882 
7185 7883 
7186 7884 
7187 7885 
7188 7886 
7189 7887 
7190 7888 
7191 7889 
7192 7890 
7193 7891 
7194 7892 
7195 7893 
7196 7894 
7197 7895 
7198 7896 
7199 7897 
7200 7898 
7201 7899 
7202 7900 
7203 7901 
7204 7902 
7205 7903 
7206 7904 
7207 7905 
7208 7906 
7209 7907 
7210 7908 
7211 7909 
7212 7913 
7213 7914 
7214 7915 
7215 7916 
7216 7917 
7217 7918 
7218 7919 
7219 7920 
7220 7921 
7221 7922 
7222 7923 
7223 7924 
7224 7925 
7225 7926 
7226 7927 
7227 7928 
7228 7929 
7229 7930 
7230 7931 
7231 7932 
7232 7933 
7233 7934 
7234 7935 
7235 7936 
7236 7937 
7237 7938 
7238 7939 
7239 7940 
7240 7941 
7241 7942 
7242 7945 
7243 7946 
7244 7947 
7245 7948 
7246 7949 
7247 7950 
7248 7951 
7249 7952 
7250 7953 
7251 7954 
7252 7955 
7253 7956 
7254 7959 
7255 7960 
7256 7961 
7257 7962 
7258 7963 
7259 7964 
7260 7965 
7261 7966 
7262 7967 
7263 7968 
7264 7969 
7265 7970 
7266 7971 
7267 7972 
7268 7973 
7269 7974 
7270 7975 
7271 7976 
7272 7978 
7273 7979 
7274 7981 
7275 7982 
7276 7985 
7277 7987 
7278 7988 
7279 7989 
7280 7990 
7281 7991 
7282 7992 
7283 7993 
7284 7994 
7285 7995 
7286 7996 
7287 7997 
7288 7998 
7289 7999 
7290 8000 
7291 8001 
7292 8002 
7293 8003 
7294 8012 
7295 8013 
7296 8014 
7297 8015 
7298 8017 
7299 8018 
7300 8028 
7301 8044 
7302 8045 
7303 8046 
7304 8047 
7305 8048 
7306 8049 
7307 8050 
7308 8051 
7309 8052 
7310 8053 
7311 8054 
7312 8055 
7313 8056 
7314 8057 
7315 8058 
7316 8059 
7317 8060 
7318 8061 
7319 8062 
7320 8063 
7321 8064 
7322 8065 
7323 8066 
7324 8067 
7325 8068 
7326 8069 
7327 8070 
7328 8071 
7329 8072 
7330 8073 
7331 8074 
7332 8075 
7333 8076 
7334 8077 
7335 8078 
7336 8079 
7337 8080 
7338 8081 
7339 8082 
7340 8083 
7341 8084 
7342 8085 
7343 8086 
7344 8087 
7345 8088 
7346 8089 
7347 8090 
7348 8091 
7349 8092 
7350 8093 
7351 8094 
7352 8095 
7353 8096 
7354 8097 
7355 8098 
7356 8099 
7357 8100 
7358 8101 
7359 8102 
7360 8117 
7361 8121 
7362 8122 
7363 8124 
7364 8125 
7365 8126 
7366 8132 
7367 8134 
7368 8135 
7369 8136 
7370 8137 
7371 8138 
7372 8139 
7373 8140 
7374 8141 
7375 8142 
7376 8143 
7377 8144 
7378 8145 
7379 8146 
7380 8147 
7381 8148 
7382 8149 
7383 8150 
7384 8151 
7385 8152 
7386 8153 
7387 8154 
7388 8155 
7389 8156 
7390 8157 
7391 8158 
7392 8159 
7393 8160 
7394 8161 
7395 8162 
7396 8163 
7397 8164 
7398 8165 
7399 8166 
7400 8167 
7401 8168 
7402 8169 
7403 8170 
7404 8171 
7405 8172 
7406 8173 
7407 8174 
7408 8175 
7409 8176 
7410 8177 
7411 8178 
7412 8179 
7413 8180 
7414 8181 
7415 8182 
7416 8183 
7417 8184 
7418 8185 
7419 8186 
7420 8187 
7421 8188 
7422 8189 
7423 8190 
7424 8191 
7425 8192 
7426 8193 
7427 8194 
7428 8195 
7429 8196 
7430 8197 
7431 8198 
7432 8199 
7433 8200 
7434 8201 
7435 8202 
7436 8203 
7437 8204 
7438 8205 
7439 8206 
7440 8207 
7441 8208 
7442 8209 
7443 8210 
7444 8211 
7445 8212 
7446 8213 
7447 8214 
7448 8215 
7449 8216 
7450 8217 
7451 8218 
7452 8219 
7453 8220 
7454 8221 
7455 8222 
7456 8223 
7457 8224 
7458 8225 
7459 8226 
7460 8227 
7461 8228 
7462 8229 
7463 8230 
7464 8231 
7465 8232 
7466 8233 
7467 8234 
7468 8237 
7469 8238 
7470 8239 
7471 8240 
7472 8241 
7473 8242 
7474 8243 
7475 8244 
7476 8247 
7477 8248 
7478 8249 
7479 8250 
7480 8251 
7481 8252 
7482 8253 
7483 8254 
7484 8255 
7485 8257 
7486 8258 
7487 8259 
7488 8260 
7489 8261 
7490 8262 
7491 8263 
7492 8264 
7493 8265 
7494 8266 
7495 8267 
7496 8268 
7497 8269 
7498 8270 
7499 8271 
7500 8272 
7501 8273 
7502 8274 
7503 8275 
7504 8276 
7505 8277 
7506 8278 
7507 8279 
7508 8280 
7509 8281 
7510 8282 
7511 8283 
7512 8284 
7513 8285 
7514 8286 
7515 8287 
7516 8288 
7517 8289 
7518 8290 
7519 8292 
7520 8293 
7521 8294 
7522 8295 
7523 8296 
7524 8297 
7525 8298 
7526 8299 
7527 8300 
7528 8301 
7529 8302 
7530 8303 
7531 8304 
7532 8305 
7533 8306 
7534 8307 
7535 8308 
7536 8309 
7537 8310 
7538 8311 
7539 8312 
7540 8313 
7541 8314 
7542 8315 
7543 8316 
7544 8317 
7545 8318 
7546 8321 
7547 8323 
7548 8324 
7549 8325 
7550 8326 
7551 8327 
7552 8328 
7553 8329 
7554 8330 
7555 8331 
7556 8332 
7557 8333 
7558 8334 
7559 8335 
7560 8336 
7561 8337 
7562 8339 
7563 8341 
7564 8342 
7565 8343 
7566 8345 
7567 8346 
7568 8347 
7569 8348 
7570 8349 
7571 8350 
7572 8351 
7573 8352 
7574 8353 
7575 8354 
7576 8355 
7577 8356 
7578 8357 
7579 8358 
7580 8359 
7581 8361 
7582 8362 
7583 8363 
7584 8364 
7585 8366 
7586 8367 
7587 8368 
7588 8369 
7589 8370 
7590 8371 
7591 8372 
7592 8373 
7593 8374 
7594 8375 
7595 8376 
7596 8377 
7597 8379 
7598 8380 
7599 8381 
7600 8383 
7601 8384 
7602 8385 
7603 8386 
7604 8387 
7605 8388 
7606 8389 
7607 8390 
7608 8391 
7609 8392 
7610 8393 
7611 8394 
7612 8397 
7613 8409 
7614 8410 
7615 8411 
7616 8413 
7617 8414 
7618 8415 
7619 8416 
7620 8418 
7621 8420 
7622 8421 
7623 8423 
7624 8424 
7625 8425 
7626 8427 
7627 8432 
7628 8433 
7629 8434 
7630 8435 
7631 8436 
7632 8437 
7633 8438 
7634 8439 
7635 8441 
7636 8446 
7637 8447 
7638 8448 
7639 8449 
7640 8450 
7641 8451 
7642 8452 
7643 8453 
7644 8454 
7645 8455 
7646 8456 
7647 8457 
7648 8458 
7649 8459 
7650 8460 
7651 8462 
7652 8463 
7653 8464 
7654 8465 
7655 8466 
7656 8467 
7657 8468 
7658 8469 
7659 8470 
7660 8471 
7661 8472 
7662 8475 
7663 8476 
7664 8480 
7665 8481 
7666 8482 
7667 8483 
7668 8484 
7669 8485 
7670 8486 
7671 8487 
7672 8488 
7673 8490 
7674 8491 
7675 8492 
7676 8493 
7677 8494 
7678 8495 
7679 8496 
7680 8497 
7681 8498 
7682 8499 
7683 8500 
7684 8501 
7685 8502 
7686 8503 
7687 8504 
7688 8505 
7689 8506 
7690 8507 
7691 8508 
7692 8509 
7693 8510 
7694 8511 
7695 8512 
7696 8513 
7697 8514 
7698 8515 
7699 8516 
7700 8517 
7701 8518 
7702 8519 
7703 8520 
7704 8521 
7705 8522 
7706 8523 
7707 8524 
7708 8525 
7709 8526 
7710 8527 
7711 8531 
7712 8534 
7713 8535 
7714 8536 
7715 8537 
7716 8538 
7717 8539 
7718 8540 
7719 8541 
7720 8544 
7721 8545 
7722 8546 
7723 8548 
7724 8549 
7725 8550 
7726 8551 
7727 8552 
7728 8554 
7729 8555 
7730 8556 
7731 8557 
7732 8558 
7733 8559 
7734 8560 
7735 8561 
7736 8562 
7737 8563 
7738 8564 
7739 8565 
7740 8566 
7741 8567 
7742 8568 
7743 8569 
7744 8570 
7745 8571 
7746 8572 
7747 8573 
7748 8576 
7749 8579 
7750 8582 
7751 8583 
7752 8584 
7753 8587 
7754 8588 
7755 8589 
7756 8590 
7757 8591 
7758 8592 
7759 8593 
7760 8594 
7761 8595 
7762 8596 
7763 8598 
7764 8599 
7765 8600 
7766 8601 
7767 8603 
7768 8605 
7769 8606 
7770 8607 
7771 8608 
7772 8609 
7773 8610 
7774 8615 
7775 8616 
7776 8617 
7777 8618 
7778 8619 
7779 8620 
7780 8622 
7781 8623 
7782 8624 
7783 8626 
7784 8627 
7785 8628 
7786 8629 
7787 8630 
7788 8631 
7789 8632 
7790 8633 
7791 8634 
7792 8635 
7793 8636 
7794 8637 
7795 8638 
7796 8639 
7797 8640 
7798 8641 
7799 8642 
7800 8643 
7801 8644 
7802 8645 
7803 8646 
7804 8648 
7805 8649 
7806 8650 
7807 8651 
7808 8652 
7809 8653 
7810 8654 
7811 8655 
7812 8656 
7813 8657 
7814 8658 
7815 8659 
7816 8660 
7817 8661 
7818 8662 
7819 8663 
7820 8664 
7821 8665 
7822 8666 
7823 8667 
7824 8668 
7825 8669 
7826 8670 
7827 8671 
7828 8672 
7829 8673 
7830 8674 
7831 8675 
7832 8676 
7833 8677 
7834 8678 
7835 8679 
7836 8680 
7837 8681 
7838 8682 
7839 8683 
7840 8684 
7841 8685 
7842 8686 
7843 8687 
7844 8688 
7845 8689 
7846 8690 
7847 8692 
7848 8693 
7849 8694 
7850 8695 
7851 8696 
7852 8697 
7853 8700 
7854 8701 
7855 8702 
7856 8703 
7857 8704 
7858 8705 
7859 8706 
7860 8707 
7861 8709 
7862 8710 
7863 8711 
7864 8712 
7865 8713 
7866 8714 
7867 8715 
7868 8717 
7869 8726 
7870 8732 
7871 8733 
7872 8740 
7873 8741 
7874 8742 
7875 8743 
7876 8744 
7877 8745 
7878 8746 
7879 8747 
7880 8748 
7881 8749 
7882 8750 
7883 8751 
7884 8752 
7885 8753 
7886 8756 
7887 8758 
7888 8760 
7889 8770 
7890 8771 
7891 8772 
7892 8773 
7893 8774 
7894 8775 
7895 8777 
7896 8781 
7897 8782 
7898 8783 
7899 8784 
7900 8785 
7901 8786 
7902 8787 
7903 8790 
7904 8791 
7905 8792 
7906 8794 
7907 8796 
7908 8797 
7909 8798 
7910 8799 
7911 8800 
7912 8801 
7913 8802 
7914 8803 
7915 8805 
7916 8806 
7917 8807 
7918 8808 
7919 8809 
7920 8810 
7921 8811 
7922 8812 
7923 8813 
7924 8814 
7925 8815 
7926 8819 
7927 8820 
7928 8821 
7929 8822 
7930 8827 
7931 8828 
7932 8829 
7933 8830 
7934 8833 
7935 8834 
7936 8835 
7937 8836 
7938 8841 
7939 8843 
7940 8844 
7941 8845 
7942 8846 
7943 8847 
7944 8848 
7945 8849 
7946 8850 
7947 8851 
7948 8859 
7949 8860 
7950 8861 
7951 8862 
7952 8864 
7953 8865 
7954 8866 
7955 8867 
7956 8868 
7957 8869 
7958 8870 
7959 8871 
7960 8872 
7961 8873 
7962 8874 
7963 8875 
7964 8876 
7965 8877 
7966 8878 
7967 8879 
7968 8880 
7969 8881 
7970 8882 
7971 8883 
7972 8884 
7973 8885 
7974 8886 
7975 8887 
7976 8892 
7977 8893 
7978 8894 
7979 8895 
7980 8896 
7981 8897 
7982 8898 
7983 8899 
7984 8900 
7985 8901 
7986 8902 
Landscape Indices
IJI 15.336302
